6 0.565278 0.628241 0.044444 0.041667
6 0.466667 0.546759 0.059722 0.093519
6 0.456944 0.429630 0.055556 0.046296
6 0.512500 0.151852 0.026389 0.050000
9 0.570139 0.680093 0.022222 0.049074
0 0.538542 0.578241 0.074306 0.052778
1 0.452778 0.468981 0.054167 0.049074
1 0.497569 0.459259 0.031250 0.066667
7 0.550347 0.484722 0.085417 0.134259
2 0.520833 0.363889 0.115278 0.103704
3 0.448611 0.323611 0.023611 0.030556
3 0.482292 0.108333 0.038194 0.050000
4 0.476389 0.162963 0.037500 0.050000
8 0.548611 0.251852 0.118056 0.166667
5 0.617014 0.207870 0.013194 0.056481
