3 0.512500 0.707870 0.062500 0.117593
3 0.642708 0.563889 0.040972 0.079630
4 0.552431 0.664815 0.047917 0.101852
6 0.496528 0.661574 0.051389 0.086111
6 0.677778 0.479630 0.050000 0.070370
6 0.701736 0.408796 0.065972 0.058333
5 0.417361 0.545370 0.040278 0.042593
8 0.513542 0.521296 0.163194 0.183333
2 0.594097 0.490741 0.125694 0.172222
1 0.698958 0.445370 0.059028 0.074074
1 0.653819 0.428704 0.047917 0.079630
7 0.610417 0.391667 0.113889 0.120370
0 0.654861 0.344444 0.069444 0.061111
6 0.643056 0.318056 0.037500 0.028704
9 0.655903 0.307407 0.024306 0.027778
