9 0.705903 0.281481 0.032639 0.024074
6 0.676042 0.287037 0.024306 0.053704
6 0.644097 0.381481 0.065972 0.055556
6 0.557986 0.395370 0.027083 0.050000
6 0.298264 0.363426 0.043750 0.021296
3 0.267361 0.414815 0.050000 0.105556
3 0.468750 0.437963 0.031944 0.079630
4 0.319097 0.419444 0.049306 0.094444
8 0.388542 0.314352 0.128472 0.139815
2 0.488542 0.330556 0.074306 0.146296
1 0.577778 0.336574 0.058333 0.036111
1 0.596528 0.382870 0.031944 0.065741
7 0.579514 0.287037 0.100694 0.074074
0 0.650694 0.295833 0.040278 0.075000
