3 0.619444 0.205093 0.033333 0.056481
3 0.545139 0.338889 0.019444 0.057407
4 0.601736 0.243519 0.034028 0.066667
1 0.513542 0.417130 0.050694 0.054630
1 0.552778 0.424074 0.040278 0.064815
6 0.531597 0.393056 0.056250 0.052778
6 0.638194 0.236111 0.027778 0.029630
6 0.511806 0.484722 0.058333 0.078704
6 0.570833 0.586111 0.048611 0.048148
7 0.589236 0.468056 0.096528 0.121296
2 0.596875 0.376389 0.122917 0.132407
0 0.558681 0.527778 0.077083 0.074074
5 0.711111 0.316667 0.029167 0.048148
9 0.561111 0.625463 0.036111 0.050926
8 0.633333 0.309722 0.140278 0.145370
