0 0.524306 0.402778 0.087500 0.053704
1 0.588542 0.518519 0.034028 0.083333
1 0.638194 0.496759 0.065278 0.045370
2 0.569792 0.643519 0.142361 0.112963
3 0.659028 0.668056 0.044444 0.054630
3 0.661111 0.950926 0.061111 0.077778
9 0.471875 0.309722 0.021528 0.063889
4 0.660764 0.872222 0.052083 0.083333
5 0.479167 0.875926 0.020833 0.081481
8 0.554861 0.789815 0.151389 0.196296
6 0.613194 0.913426 0.040278 0.063889
6 0.634028 0.546296 0.065278 0.048148
6 0.605556 0.425926 0.070833 0.101852
6 0.483333 0.359259 0.051389 0.046296
7 0.520833 0.509259 0.095833 0.157407
