0 0.526389 0.411111 0.056944 0.061111
1 0.530208 0.504630 0.035417 0.055556
1 0.562847 0.514352 0.042361 0.050926
2 0.489236 0.565278 0.096528 0.119444
3 0.527431 0.618981 0.024306 0.032407
3 0.456597 0.767130 0.034028 0.052778
9 0.522222 0.337500 0.026389 0.041667
7 0.496875 0.465741 0.085417 0.122222
6 0.516667 0.369907 0.031944 0.039815
6 0.564583 0.462500 0.050000 0.067593
6 0.547569 0.541204 0.036806 0.043519
6 0.440278 0.730093 0.027778 0.045370
8 0.441319 0.632870 0.106250 0.147222
5 0.375000 0.647222 0.026389 0.040741
4 0.474306 0.727315 0.033333 0.050926
