3 0.700000 0.571759 0.068056 0.110185
3 0.618750 0.375463 0.031944 0.080556
4 0.679167 0.508796 0.055556 0.086111
1 0.519792 0.268519 0.043750 0.070370
1 0.555903 0.250463 0.054861 0.060185
0 0.441319 0.226389 0.077083 0.058333
9 0.380208 0.212500 0.029861 0.058333
7 0.458681 0.287963 0.102083 0.118519
6 0.514236 0.226852 0.059028 0.053704
6 0.396875 0.218981 0.040972 0.045370
6 0.650694 0.565278 0.041667 0.089815
6 0.565278 0.293519 0.054167 0.053704
2 0.538542 0.371759 0.145139 0.095370
8 0.554167 0.475463 0.169444 0.212037
5 0.509722 0.599537 0.027778 0.065741
