0 0.421181 0.540741 0.052083 0.083333
1 0.505903 0.487037 0.038194 0.061111
1 0.499653 0.533333 0.045139 0.051852
2 0.546528 0.592593 0.093056 0.137037
3 0.710764 0.632870 0.042361 0.049074
3 0.590278 0.531481 0.029167 0.033333
4 0.677778 0.607407 0.045833 0.046296
6 0.386111 0.555556 0.031944 0.048148
6 0.462847 0.482870 0.054861 0.071296
6 0.527778 0.506481 0.034722 0.057407
6 0.680903 0.653704 0.036806 0.042593
7 0.469097 0.582407 0.096528 0.122222
8 0.604167 0.660648 0.120833 0.152778
9 0.357292 0.546759 0.029861 0.036111
5 0.617708 0.751852 0.032639 0.031481
