9 0.736806 0.287037 0.041667 0.035185
6 0.701736 0.290278 0.029861 0.073148
6 0.659375 0.405093 0.085417 0.071296
6 0.551389 0.417130 0.033333 0.063889
6 0.227778 0.371759 0.055556 0.028704
3 0.185417 0.434259 0.069444 0.133333
3 0.436806 0.465278 0.037500 0.089815
4 0.247569 0.439815 0.068750 0.114815
8 0.342361 0.315741 0.154167 0.177778
2 0.465278 0.335185 0.098611 0.177778
1 0.573264 0.346296 0.077083 0.044444
1 0.598611 0.406944 0.038889 0.082407
7 0.583333 0.283796 0.126389 0.089815
0 0.669097 0.301389 0.047917 0.102778
