0 0.722569 0.477315 0.068750 0.121296
1 0.615625 0.515278 0.075694 0.062037
1 0.617361 0.585185 0.052778 0.090741
3 0.287500 0.458796 0.050000 0.063889
4 0.337153 0.484259 0.046528 0.061111
3 0.484375 0.557870 0.032639 0.039815
6 0.328819 0.418056 0.049306 0.050926
6 0.578472 0.567130 0.041667 0.082407
6 0.675694 0.573148 0.072222 0.088889
6 0.765625 0.447685 0.036806 0.063889
2 0.535069 0.453704 0.115972 0.190741
2 0.396528 0.262037 0.044444 0.035185
8 0.438194 0.378241 0.161111 0.204630
7 0.648264 0.432870 0.134028 0.150926
9 0.803125 0.450000 0.040972 0.037037
