3 0.674306 0.596759 0.050000 0.084259
3 0.595833 0.451852 0.026389 0.066667
4 0.654167 0.547222 0.043056 0.079630
1 0.506597 0.377778 0.039583 0.055556
1 0.531250 0.352315 0.050000 0.047222
6 0.494444 0.337963 0.056944 0.061111
6 0.398958 0.353704 0.034028 0.046296
6 0.638889 0.601852 0.034722 0.072222
6 0.543403 0.381944 0.049306 0.054630
7 0.464236 0.406019 0.089583 0.108333
0 0.442361 0.346759 0.059722 0.058333
2 0.533681 0.456019 0.118750 0.100926
8 0.558333 0.544444 0.136111 0.172222
5 0.542708 0.644444 0.028472 0.055556
9 0.382292 0.339352 0.027083 0.050926
