3 0.429167 0.866667 0.052778 0.079630
3 0.573958 0.708796 0.045139 0.056481
4 0.465625 0.820833 0.052083 0.080556
5 0.361458 0.656019 0.042361 0.047222
9 0.654514 0.331481 0.043750 0.048148
8 0.451736 0.675926 0.167361 0.222222
6 0.417014 0.802315 0.052083 0.058333
6 0.670833 0.511111 0.073611 0.094444
6 0.621875 0.614815 0.061806 0.079630
6 0.631597 0.361111 0.040972 0.055556
7 0.581250 0.481944 0.133333 0.154630
1 0.612153 0.547222 0.059028 0.068519
1 0.655556 0.583796 0.063889 0.076852
2 0.537500 0.606944 0.125000 0.175000
0 0.637500 0.424537 0.077778 0.091667
