3 0.647917 0.640741 0.061111 0.107407
8 0.542014 0.515278 0.140972 0.171296
3 0.629861 0.467130 0.031944 0.069444
2 0.556597 0.427778 0.125694 0.087037
7 0.510764 0.359259 0.085417 0.116667
1 0.565972 0.352315 0.029167 0.060185
5 0.472222 0.601389 0.025000 0.065741
6 0.482639 0.282407 0.038889 0.035185
6 0.576042 0.312500 0.049306 0.036111
6 0.602431 0.385648 0.050694 0.047222
6 0.602778 0.623148 0.033333 0.085185
9 0.476042 0.267130 0.015972 0.026852
4 0.644792 0.570833 0.049306 0.050926
1 0.603125 0.345833 0.052083 0.041667
0 0.514931 0.294444 0.063194 0.035185
