9 0.442014 0.700000 0.040972 0.033333
6 0.477431 0.675926 0.031250 0.059259
6 0.508333 0.517593 0.069444 0.079630
6 0.588889 0.467130 0.036111 0.069444
6 0.822569 0.448148 0.039583 0.029630
0 0.505903 0.619907 0.049306 0.108333
7 0.579167 0.610185 0.113889 0.124074
1 0.556250 0.470833 0.036111 0.076852
1 0.580208 0.524537 0.059028 0.045370
2 0.663889 0.531019 0.075000 0.162037
3 0.668056 0.421759 0.027778 0.034259
3 0.842014 0.391667 0.040972 0.050000
4 0.797917 0.399074 0.038889 0.050000
8 0.761458 0.531944 0.138194 0.169444
5 0.819792 0.607870 0.040972 0.019444
