3 0.721875 0.399074 0.035417 0.064815
3 0.590625 0.379167 0.027083 0.054630
4 0.689236 0.397685 0.046528 0.063889
8 0.646181 0.454630 0.097917 0.162963
5 0.687500 0.537037 0.037500 0.042593
6 0.706250 0.432407 0.044444 0.044444
6 0.467014 0.393981 0.053472 0.052778
6 0.531597 0.374074 0.032639 0.050000
6 0.418056 0.487500 0.026389 0.067593
9 0.388542 0.493981 0.035417 0.050926
0 0.447222 0.453241 0.031944 0.097222
1 0.502083 0.367130 0.026389 0.045370
1 0.513194 0.404167 0.050000 0.041667
7 0.502083 0.461111 0.088889 0.094444
2 0.570139 0.433796 0.058333 0.128704
