3 0.285417 0.362963 0.044444 0.075926
3 0.410764 0.474537 0.025694 0.058333
4 0.315972 0.390741 0.043056 0.077778
8 0.406250 0.342593 0.133333 0.162963
7 0.561111 0.413889 0.109722 0.112963
0 0.612847 0.457870 0.057639 0.086111
2 0.464931 0.399074 0.102083 0.150000
6 0.324653 0.345833 0.047917 0.047222
6 0.565278 0.527315 0.061111 0.075000
6 0.651736 0.465278 0.031250 0.067593
6 0.485764 0.494444 0.040972 0.064815
1 0.522569 0.453704 0.052083 0.053704
1 0.513194 0.507870 0.044444 0.075000
9 0.681597 0.486574 0.039583 0.065741
