6 0.375347 0.783333 0.046528 0.046296
6 0.651389 0.414815 0.034722 0.055556
6 0.662500 0.569907 0.069444 0.089815
6 0.602431 0.653704 0.046528 0.074074
3 0.373958 0.853241 0.043750 0.060185
4 0.415278 0.825463 0.044444 0.056481
3 0.542014 0.734722 0.032639 0.037963
2 0.521528 0.624074 0.104167 0.174074
8 0.425000 0.667593 0.151389 0.198148
5 0.341667 0.626852 0.048611 0.027778
1 0.599653 0.588426 0.059028 0.063889
1 0.637847 0.631481 0.049306 0.081481
7 0.577083 0.510648 0.125000 0.143519
0 0.643403 0.471296 0.065972 0.098148
9 0.673611 0.382407 0.040278 0.040741
