9 0.669444 0.430556 0.023611 0.035185
6 0.641319 0.410185 0.040972 0.050000
6 0.527431 0.416667 0.061806 0.062963
6 0.466667 0.349074 0.045833 0.042593
6 0.387153 0.191204 0.022917 0.036111
3 0.350694 0.172685 0.033333 0.036111
3 0.413194 0.300926 0.022222 0.031481
4 0.364583 0.217593 0.033333 0.061111
8 0.457292 0.205093 0.114583 0.100926
2 0.485069 0.279630 0.107639 0.079630
1 0.482639 0.368056 0.054167 0.049074
1 0.513194 0.338426 0.041667 0.062037
7 0.565625 0.322222 0.097917 0.094444
0 0.599306 0.382407 0.069444 0.068519
