8 0.630208 0.531944 0.165972 0.210185
0 0.425694 0.371759 0.076389 0.112037
2 0.562847 0.450463 0.129861 0.145370
7 0.471181 0.408796 0.122917 0.132407
4 0.731944 0.506481 0.058333 0.085185
3 0.771528 0.551389 0.059722 0.110185
1 0.516667 0.368056 0.054167 0.060185
6 0.379514 0.376852 0.042361 0.068519
6 0.482986 0.338889 0.064583 0.064815
6 0.726389 0.567593 0.058333 0.085185
6 0.557986 0.375463 0.047917 0.065741
5 0.630556 0.650463 0.050000 0.069444
1 0.534028 0.337037 0.047222 0.050000
3 0.628819 0.416667 0.027083 0.053704
9 0.351736 0.371296 0.032639 0.062963
