0 0.796181 0.514815 0.078472 0.150000
1 0.664583 0.568519 0.097222 0.075926
1 0.669097 0.658796 0.068750 0.112037
3 0.248611 0.521296 0.061111 0.079630
3 0.501736 0.633333 0.035417 0.046296
4 0.312847 0.550463 0.061806 0.078704
6 0.300694 0.462500 0.063889 0.058333
6 0.620833 0.637037 0.048611 0.100000
6 0.740625 0.637037 0.086806 0.111111
6 0.846528 0.471759 0.040278 0.076852
9 0.891319 0.473148 0.047917 0.046296
5 0.380903 0.265278 0.053472 0.037963
8 0.436806 0.406944 0.201389 0.254630
2 0.557986 0.499074 0.145139 0.237037
7 0.701736 0.462037 0.167361 0.183333
