0 0.368403 0.545833 0.096528 0.134259
1 0.520486 0.480556 0.070139 0.100000
1 0.500694 0.558796 0.076389 0.089815
2 0.572917 0.673611 0.166667 0.225000
3 0.835069 0.792593 0.075694 0.077778
3 0.652431 0.581481 0.049306 0.050000
4 0.785069 0.739352 0.077083 0.076852
6 0.307986 0.557870 0.054861 0.075000
6 0.450000 0.461574 0.095833 0.125000
6 0.553125 0.521296 0.061806 0.094444
6 0.783333 0.815278 0.052778 0.069444
7 0.436806 0.632407 0.162500 0.209259
8 0.656597 0.806944 0.206250 0.271296
9 0.265278 0.532870 0.054167 0.063889
5 0.659028 0.948148 0.052778 0.062963
