3 0.507292 0.201389 0.032639 0.071296
3 0.482292 0.356481 0.021528 0.062963
4 0.502431 0.237963 0.031250 0.068519
1 0.485069 0.441667 0.052083 0.048148
1 0.527431 0.435185 0.029861 0.075926
2 0.547569 0.362500 0.113194 0.091667
6 0.535417 0.218519 0.020833 0.040741
6 0.489236 0.416204 0.047917 0.041667
6 0.496528 0.511111 0.062500 0.100000
6 0.590278 0.575000 0.048611 0.042593
8 0.547222 0.280093 0.134722 0.128704
7 0.577431 0.450926 0.081250 0.116667
0 0.565278 0.525463 0.075000 0.056481
9 0.596181 0.617130 0.028472 0.050926
5 0.621181 0.260185 0.020139 0.050000
