6 0.628125 0.482407 0.042361 0.033333
6 0.522569 0.437500 0.053472 0.043519
6 0.500694 0.356944 0.037500 0.012037
6 0.526389 0.224537 0.016667 0.025000
3 0.500347 0.195833 0.028472 0.028704
3 0.488542 0.319444 0.021528 0.048148
4 0.497917 0.235185 0.031944 0.048148
2 0.555208 0.316204 0.097917 0.052778
5 0.618403 0.254167 0.006250 0.019444
0 0.593750 0.446296 0.066667 0.059259
1 0.542361 0.371759 0.023611 0.060185
1 0.501042 0.383333 0.049306 0.037037
7 0.596528 0.379167 0.065278 0.076852
8 0.564236 0.253704 0.093750 0.074074
