9 0.457639 0.624074 0.062500 0.103704
6 0.495139 0.571296 0.065278 0.114815
6 0.463889 0.391667 0.101389 0.122222
6 0.537500 0.284722 0.058333 0.073148
1 0.500347 0.306944 0.067361 0.102778
1 0.551042 0.329167 0.077083 0.080556
0 0.509028 0.494907 0.098611 0.195370
7 0.588194 0.451852 0.170833 0.246296
2 0.645486 0.319444 0.154861 0.200000
8 0.744792 0.275000 0.185417 0.203704
5 0.844792 0.327778 0.039583 0.059259
3 0.754167 0.142593 0.050000 0.083333
3 0.597917 0.226389 0.036111 0.049074
4 0.714931 0.166204 0.056250 0.082407
