8 0.648958 0.487037 0.152083 0.190741
2 0.571875 0.417593 0.114583 0.140741
4 0.733333 0.440741 0.051389 0.072222
7 0.475694 0.404630 0.123611 0.127778
6 0.467708 0.332407 0.064583 0.061111
6 0.374653 0.393519 0.040972 0.074074
3 0.776042 0.470833 0.054861 0.099074
0 0.418056 0.380556 0.063889 0.124074
5 0.675694 0.593981 0.051389 0.060185
9 0.340278 0.394907 0.041667 0.069444
1 0.518056 0.318981 0.045833 0.052778
6 0.547222 0.353704 0.033333 0.064815
6 0.742014 0.498148 0.045139 0.072222
3 0.619792 0.376389 0.025694 0.045370
1 0.512153 0.353241 0.053472 0.049074
