3 0.683333 0.512500 0.051389 0.087963
3 0.602778 0.352315 0.030556 0.062037
4 0.658333 0.468981 0.045833 0.084259
1 0.542014 0.244444 0.050694 0.048148
1 0.512153 0.266667 0.038194 0.064815
7 0.458333 0.285648 0.093056 0.112037
9 0.385069 0.218056 0.022917 0.058333
6 0.404514 0.226852 0.035417 0.048148
6 0.505556 0.224074 0.047222 0.050000
6 0.554514 0.281944 0.047917 0.041667
6 0.633681 0.517130 0.052083 0.078704
8 0.544792 0.443056 0.160417 0.186111
5 0.518056 0.545370 0.026389 0.050000
2 0.536458 0.344907 0.132639 0.086111
0 0.440625 0.224537 0.071528 0.052778
