3 0.718403 0.337500 0.039583 0.056481
3 0.590625 0.345370 0.028472 0.042593
4 0.684375 0.343056 0.040972 0.065741
8 0.659375 0.413889 0.097917 0.150000
5 0.710764 0.483333 0.032639 0.044444
6 0.717708 0.374537 0.040972 0.041667
6 0.531250 0.357407 0.033333 0.050000
6 0.470139 0.386111 0.058333 0.055556
6 0.439931 0.492130 0.027083 0.063889
9 0.410417 0.506944 0.036111 0.052778
1 0.507986 0.353241 0.022917 0.054630
1 0.522917 0.388889 0.052778 0.038889
0 0.463194 0.442130 0.038889 0.082407
0 0.581597 0.410185 0.065972 0.137037
7 0.515972 0.449537 0.087500 0.099074
