2 0.607986 0.408796 0.104861 0.141667
8 0.691667 0.475926 0.147222 0.187037
4 0.767014 0.418056 0.050694 0.063889
7 0.511806 0.404630 0.122222 0.127778
0 0.451042 0.387037 0.059028 0.124074
3 0.812153 0.451389 0.052083 0.097222
6 0.496528 0.331481 0.065278 0.059259
6 0.410069 0.401389 0.039583 0.073148
6 0.577083 0.341667 0.036111 0.055556
6 0.780556 0.477315 0.044444 0.063889
1 0.546181 0.317130 0.039583 0.049074
1 0.544792 0.349074 0.053472 0.044444
3 0.651736 0.363426 0.027083 0.039815
9 0.376042 0.401389 0.038194 0.063889
5 0.726389 0.579167 0.052778 0.058333
