6 0.633681 0.475926 0.040972 0.027778
6 0.529861 0.433333 0.052778 0.042593
6 0.508681 0.355093 0.039583 0.012037
6 0.531944 0.224537 0.016667 0.028704
3 0.506250 0.194907 0.029167 0.030556
4 0.503819 0.232870 0.029861 0.045370
3 0.494792 0.318056 0.021528 0.047222
8 0.568750 0.253704 0.090278 0.074074
5 0.623958 0.250926 0.007639 0.020370
2 0.560069 0.314352 0.096528 0.050926
1 0.548958 0.370370 0.024306 0.059259
1 0.509028 0.379630 0.047222 0.038889
7 0.601736 0.376852 0.067361 0.075926
0 0.602083 0.438426 0.068056 0.045370
