9 0.423264 0.442593 0.028472 0.048148
6 0.445139 0.422222 0.025000 0.061111
6 0.448264 0.343056 0.050694 0.065741
6 0.491667 0.298148 0.026389 0.031481
6 0.630208 0.274537 0.027083 0.037963
0 0.456944 0.392593 0.043056 0.096296
7 0.500694 0.383333 0.077778 0.112963
2 0.541667 0.322685 0.063889 0.100926
8 0.601389 0.314815 0.093056 0.105556
5 0.653819 0.346759 0.029861 0.025000
3 0.629514 0.245370 0.028472 0.046296
3 0.531944 0.271759 0.019444 0.019444
4 0.603819 0.251852 0.027083 0.038889
1 0.470833 0.302315 0.029167 0.043519
1 0.492708 0.321759 0.038194 0.034259
