3 0.550694 0.680556 0.059722 0.116667
3 0.632986 0.515278 0.036806 0.073148
4 0.577083 0.628241 0.050000 0.093519
6 0.523958 0.637963 0.047917 0.083333
6 0.646875 0.431944 0.047917 0.065741
6 0.653472 0.357407 0.056944 0.051852
5 0.421528 0.554167 0.034722 0.050926
8 0.512847 0.503704 0.149306 0.172222
2 0.571875 0.454167 0.118750 0.145370
1 0.618056 0.388889 0.040278 0.075926
1 0.662153 0.397685 0.054861 0.071296
7 0.567014 0.360648 0.100694 0.112037
0 0.601042 0.312500 0.067361 0.056481
9 0.588542 0.273611 0.022917 0.026852
6 0.579861 0.287037 0.031944 0.027778
