0 0.395139 0.602315 0.047222 0.136111
1 0.491667 0.439815 0.038889 0.094444
1 0.505903 0.520370 0.071528 0.053704
2 0.605208 0.556019 0.107639 0.204630
3 0.637500 0.428241 0.047222 0.050926
3 0.872222 0.465278 0.058333 0.075000
4 0.807292 0.456019 0.072917 0.067593
5 0.785069 0.722685 0.061806 0.030556
6 0.349653 0.652778 0.036806 0.081481
6 0.426389 0.477315 0.090278 0.097222
6 0.534722 0.450000 0.037500 0.088889
6 0.836111 0.529167 0.056944 0.043519
7 0.487500 0.622222 0.136111 0.150000
9 0.306944 0.664352 0.054167 0.043519
8 0.729167 0.597685 0.166667 0.210185
