0 0.659028 0.620370 0.068056 0.111111
1 0.560069 0.640278 0.065972 0.063889
1 0.555903 0.708796 0.053472 0.086111
3 0.261806 0.542130 0.044444 0.060185
4 0.304861 0.571759 0.044444 0.058333
3 0.433681 0.661574 0.027083 0.036111
6 0.304514 0.507870 0.045139 0.047222
5 0.384722 0.378704 0.040278 0.038889
8 0.407639 0.490278 0.155556 0.195370
2 0.487153 0.571759 0.115972 0.175000
7 0.596181 0.568056 0.125694 0.149074
6 0.521181 0.683796 0.042361 0.078704
6 0.611806 0.703704 0.066667 0.088889
6 0.704167 0.595833 0.037500 0.058333
9 0.740972 0.604167 0.036111 0.045370
