3 0.830208 0.727315 0.071528 0.076852
3 0.690625 0.500463 0.056250 0.047222
4 0.796528 0.667593 0.066667 0.083333
9 0.354861 0.368981 0.061111 0.069444
5 0.653125 0.842593 0.063194 0.088889
7 0.498611 0.483796 0.156944 0.228704
1 0.560069 0.440741 0.081250 0.100000
1 0.589583 0.376852 0.083333 0.105556
6 0.608681 0.426389 0.078472 0.087963
6 0.522569 0.347685 0.109028 0.136111
6 0.389931 0.394444 0.056250 0.083333
6 0.787847 0.749074 0.056250 0.092593
2 0.606597 0.562500 0.179861 0.187963
8 0.670486 0.695833 0.206250 0.258333
0 0.447569 0.397222 0.102083 0.144444
