3 0.397917 0.706481 0.047222 0.090741
3 0.552778 0.611574 0.029167 0.063889
4 0.439236 0.680093 0.043750 0.078704
5 0.364583 0.535648 0.040278 0.045370
9 0.655556 0.353704 0.031944 0.059259
7 0.583333 0.426389 0.115278 0.123148
6 0.654861 0.470370 0.061111 0.074074
6 0.637153 0.363426 0.034028 0.049074
6 0.603125 0.536574 0.049306 0.071296
6 0.397222 0.648611 0.052778 0.050926
8 0.447917 0.543981 0.133333 0.173148
2 0.531597 0.511574 0.099306 0.173148
1 0.635417 0.510648 0.048611 0.071296
1 0.601736 0.475463 0.050694 0.054630
0 0.632986 0.397222 0.057639 0.088889
