3 0.919444 0.461111 0.073611 0.085185
3 0.656250 0.436574 0.055556 0.060185
4 0.845139 0.457407 0.088889 0.075926
6 0.540972 0.463426 0.051389 0.112037
6 0.886806 0.535648 0.075000 0.045370
6 0.416667 0.503704 0.109722 0.124074
6 0.330208 0.714352 0.046528 0.102778
9 0.278472 0.731944 0.056944 0.049074
0 0.385417 0.654167 0.055556 0.165741
1 0.489583 0.453704 0.044444 0.111111
1 0.512153 0.542593 0.088194 0.070370
7 0.493403 0.669907 0.157639 0.208333
2 0.628819 0.610185 0.118750 0.316667
8 0.771181 0.613889 0.175694 0.264815
5 0.847917 0.764352 0.066667 0.043519
