9 0.467708 0.609722 0.060417 0.093519
6 0.499653 0.556481 0.064583 0.107407
6 0.465972 0.386111 0.098611 0.125926
6 0.534028 0.281019 0.061111 0.067593
0 0.508333 0.488889 0.104167 0.194444
7 0.586111 0.443519 0.163889 0.246296
2 0.638194 0.316204 0.152778 0.206481
3 0.588889 0.224074 0.030556 0.059259
3 0.736806 0.136574 0.045833 0.080556
4 0.699306 0.158333 0.056944 0.075926
8 0.732292 0.273148 0.179861 0.216667
5 0.827083 0.307407 0.037500 0.053704
1 0.503472 0.307870 0.076389 0.110185
1 0.554861 0.334722 0.075000 0.093519
