3 0.281250 0.231481 0.041667 0.077778
3 0.363194 0.374074 0.025000 0.059259
4 0.300000 0.267130 0.040278 0.073148
2 0.432986 0.331019 0.118750 0.117593
8 0.397917 0.251852 0.136111 0.159259
7 0.515625 0.370833 0.111806 0.126852
1 0.442708 0.437037 0.060417 0.057407
1 0.465972 0.393056 0.051389 0.067593
9 0.626389 0.488889 0.037500 0.062963
0 0.556250 0.442130 0.068056 0.095370
6 0.597222 0.459259 0.038889 0.059259
6 0.490278 0.482407 0.063889 0.068519
6 0.423958 0.424074 0.054861 0.048148
6 0.318056 0.223611 0.034722 0.037963
