3 0.291667 0.546296 0.055556 0.107407
4 0.347222 0.547222 0.056944 0.096296
2 0.506250 0.442593 0.077778 0.150000
8 0.407986 0.437500 0.131250 0.152778
7 0.592014 0.393519 0.106250 0.075926
0 0.661111 0.396759 0.041667 0.080556
3 0.494792 0.550000 0.031250 0.075926
6 0.662153 0.482407 0.065972 0.057407
6 0.580903 0.500926 0.032639 0.051852
1 0.595486 0.443981 0.059028 0.041667
5 0.332639 0.394444 0.027778 0.031481
1 0.619444 0.488426 0.041667 0.069444
6 0.680208 0.384259 0.027083 0.057407
9 0.708333 0.382407 0.034722 0.035185
6 0.318403 0.493056 0.047917 0.028704
