9 0.405208 0.444444 0.031250 0.046296
6 0.433681 0.437963 0.027083 0.055556
6 0.487500 0.360648 0.052778 0.047222
6 0.551389 0.351852 0.023611 0.038889
6 0.721181 0.429167 0.034028 0.050926
5 0.696528 0.515741 0.040278 0.038889
3 0.737847 0.391667 0.038194 0.053704
3 0.610417 0.358333 0.020833 0.033333
4 0.704861 0.380093 0.037500 0.043519
8 0.658681 0.443519 0.099306 0.137037
2 0.588542 0.406019 0.065972 0.113889
7 0.515278 0.425000 0.087500 0.092593
0 0.464236 0.421296 0.035417 0.107407
1 0.526042 0.336574 0.027083 0.037963
1 0.531944 0.368981 0.041667 0.028704
