9 0.624653 0.300000 0.022917 0.029630
6 0.605903 0.308333 0.021528 0.035185
6 0.614583 0.394444 0.048611 0.046296
6 0.564236 0.434259 0.028472 0.044444
6 0.378125 0.495833 0.035417 0.023148
3 0.372569 0.545833 0.036806 0.075000
3 0.514583 0.488889 0.023611 0.055556
4 0.410069 0.528241 0.035417 0.067593
5 0.359028 0.413426 0.026389 0.023148
8 0.426042 0.424537 0.107639 0.125000
2 0.501042 0.408333 0.071528 0.116667
7 0.547569 0.341204 0.084028 0.071296
1 0.563542 0.383796 0.042361 0.036111
1 0.591667 0.412500 0.034722 0.050926
0 0.597569 0.327315 0.042361 0.058333
