9 0.694792 0.659259 0.025694 0.048148
6 0.679514 0.600463 0.060417 0.058333
0 0.636458 0.532407 0.099306 0.079630
7 0.643403 0.425000 0.095139 0.150000
2 0.587847 0.309722 0.152083 0.102778
8 0.604514 0.209259 0.131250 0.150000
6 0.555903 0.133796 0.027083 0.037963
3 0.520833 0.090741 0.044444 0.044444
4 0.516667 0.148148 0.043056 0.072222
3 0.496875 0.301389 0.031250 0.087963
6 0.512500 0.370833 0.066667 0.049074
1 0.510069 0.418056 0.070139 0.062037
1 0.569444 0.404167 0.036111 0.095370
6 0.537500 0.517130 0.080556 0.143519
