9 0.559722 0.718056 0.058333 0.067593
6 0.570833 0.652315 0.075000 0.082407
6 0.477431 0.501852 0.095139 0.140741
6 0.513542 0.368981 0.065972 0.082407
6 0.670139 0.173611 0.030556 0.032407
0 0.555556 0.568056 0.112500 0.143519
7 0.609375 0.499074 0.150694 0.235185
2 0.612500 0.351389 0.161111 0.163889
8 0.682292 0.281944 0.168750 0.213889
5 0.769097 0.290278 0.028472 0.058333
3 0.643056 0.132870 0.047222 0.062037
4 0.619097 0.176852 0.053472 0.083333
3 0.540278 0.300926 0.034722 0.088889
1 0.484722 0.399537 0.079167 0.095370
1 0.545833 0.411111 0.068056 0.096296
