9 0.664583 0.436574 0.029167 0.025000
6 0.637153 0.432870 0.022917 0.043519
6 0.576042 0.492130 0.052083 0.049074
6 0.507986 0.477778 0.027083 0.040741
6 0.346181 0.391667 0.034028 0.022222
3 0.314236 0.418519 0.032639 0.070370
3 0.439931 0.481944 0.018750 0.054630
4 0.345486 0.432407 0.034028 0.064815
8 0.416319 0.381019 0.104861 0.121296
2 0.477431 0.416667 0.072917 0.107407
1 0.532986 0.439352 0.042361 0.034259
1 0.533333 0.480093 0.031944 0.052778
7 0.554861 0.406481 0.080556 0.074074
0 0.606944 0.433796 0.034722 0.065741
