3 0.429167 0.674537 0.062500 0.117593
3 0.579861 0.556944 0.040278 0.084259
4 0.470139 0.638426 0.051389 0.099074
6 0.420833 0.623611 0.051389 0.071296
6 0.625347 0.473148 0.047917 0.070370
6 0.662847 0.411574 0.065972 0.063889
5 0.361806 0.511111 0.040278 0.042593
8 0.453125 0.503704 0.163194 0.183333
2 0.542361 0.475000 0.127778 0.174074
1 0.651736 0.446296 0.060417 0.079630
1 0.610069 0.424537 0.053472 0.080556
7 0.574653 0.387500 0.117361 0.125000
0 0.623958 0.345370 0.068750 0.072222
6 0.619444 0.317593 0.034722 0.033333
9 0.634375 0.311574 0.025694 0.036111
