3 0.701389 0.265278 0.031944 0.063889
3 0.578819 0.310185 0.024306 0.046296
4 0.668403 0.279167 0.035417 0.054630
9 0.444097 0.532870 0.036806 0.047222
5 0.723611 0.407870 0.037500 0.036111
6 0.475347 0.389815 0.059028 0.057407
6 0.532639 0.342130 0.031944 0.052778
6 0.470833 0.502315 0.033333 0.058333
6 0.706250 0.303241 0.030556 0.036111
2 0.594097 0.372685 0.070139 0.128704
0 0.485069 0.448611 0.047917 0.084259
1 0.503472 0.342130 0.036111 0.058333
1 0.532292 0.373611 0.053472 0.047222
7 0.540625 0.434722 0.104861 0.104630
8 0.660764 0.355556 0.120139 0.153704
