3 0.854514 0.759722 0.065972 0.091667
3 0.725347 0.528241 0.052083 0.056481
4 0.814583 0.701389 0.079167 0.095370
1 0.601736 0.463426 0.078472 0.112037
1 0.632986 0.399074 0.067361 0.096296
6 0.568403 0.368981 0.097917 0.121296
6 0.436806 0.412500 0.063889 0.069444
6 0.803819 0.768519 0.060417 0.092593
6 0.648958 0.450926 0.071528 0.085185
9 0.402083 0.385185 0.059722 0.075926
5 0.672917 0.861111 0.062500 0.098148
8 0.696181 0.716204 0.185417 0.252778
7 0.535417 0.508796 0.159722 0.199074
2 0.638542 0.581481 0.172917 0.214815
0 0.488889 0.423611 0.102778 0.128704
