0 0.548611 0.760185 0.126389 0.103704
1 0.440625 0.612037 0.054861 0.118519
1 0.377431 0.662500 0.092361 0.075000
9 0.630208 0.869907 0.031250 0.075000
6 0.343403 0.122222 0.040972 0.077778
6 0.371875 0.587500 0.082639 0.062037
6 0.429514 0.749537 0.093750 0.141667
6 0.604514 0.805556 0.064583 0.053704
5 0.516319 0.135648 0.027083 0.080556
8 0.435764 0.248611 0.186806 0.262037
3 0.277431 0.079167 0.063194 0.078704
4 0.287153 0.167593 0.060417 0.075926
3 0.314236 0.433333 0.036806 0.051852
2 0.437500 0.444444 0.179167 0.142593
7 0.533681 0.613426 0.138194 0.223148
