0 0.665972 0.462037 0.063889 0.129630
1 0.583681 0.578704 0.078472 0.064815
1 0.612847 0.645833 0.056250 0.102778
2 0.480903 0.581481 0.106250 0.212963
3 0.476042 0.716667 0.040972 0.062963
3 0.248611 0.777315 0.066667 0.097222
9 0.726389 0.372222 0.052778 0.037037
7 0.580556 0.479167 0.144444 0.149074
6 0.691667 0.399074 0.043056 0.074074
6 0.663889 0.588889 0.088889 0.111111
6 0.571181 0.655093 0.042361 0.091667
6 0.267014 0.706481 0.056250 0.057407
8 0.355556 0.596759 0.176389 0.230556
5 0.269444 0.502778 0.066667 0.033333
4 0.309375 0.758333 0.065972 0.092593
