9 0.435069 0.458796 0.031250 0.049074
6 0.455903 0.436574 0.028472 0.062037
6 0.454861 0.352778 0.054167 0.061111
6 0.497917 0.305556 0.029167 0.037037
6 0.636806 0.275926 0.025000 0.033333
0 0.468056 0.408796 0.044444 0.106481
7 0.511458 0.391204 0.082639 0.117593
2 0.550694 0.331019 0.069444 0.110185
8 0.610069 0.315741 0.096528 0.105556
5 0.664931 0.346759 0.027083 0.026852
3 0.634028 0.247685 0.026389 0.052778
3 0.537847 0.278241 0.018750 0.019444
4 0.609722 0.255093 0.029167 0.041667
1 0.477431 0.317593 0.031250 0.055556
1 0.500347 0.333333 0.035417 0.044444
