0 0.434722 0.508796 0.048611 0.095370
1 0.461111 0.377778 0.036111 0.074074
1 0.486111 0.416667 0.051389 0.051852
5 0.696875 0.440741 0.036806 0.018519
9 0.391319 0.581944 0.034028 0.026852
8 0.637153 0.386111 0.118750 0.148148
6 0.684028 0.307870 0.034722 0.034259
6 0.487847 0.366204 0.032639 0.060185
6 0.427778 0.422222 0.058333 0.068519
6 0.417361 0.558796 0.030556 0.049074
3 0.693056 0.255093 0.034722 0.047222
4 0.655556 0.269444 0.034722 0.042593
3 0.548264 0.312500 0.021528 0.026852
2 0.553125 0.406481 0.077083 0.138889
7 0.493056 0.485185 0.098611 0.109259
