3 0.493056 0.211574 0.037500 0.063889
3 0.484375 0.374537 0.018750 0.058333
4 0.489931 0.255093 0.031250 0.069444
8 0.560417 0.297685 0.109722 0.121296
6 0.517361 0.228704 0.022222 0.031481
6 0.496875 0.436574 0.046528 0.039815
6 0.518056 0.531944 0.058333 0.086111
6 0.614583 0.582407 0.051389 0.033333
5 0.612847 0.255093 0.025694 0.050926
2 0.553819 0.378241 0.127083 0.082407
1 0.498958 0.462500 0.057639 0.043519
1 0.535069 0.448611 0.034028 0.069444
7 0.587847 0.462037 0.089583 0.120370
0 0.582986 0.537963 0.082639 0.050000
9 0.623264 0.626389 0.036806 0.054630
