3 0.327083 0.694444 0.050000 0.088889
3 0.502431 0.651852 0.032639 0.061111
2 0.501042 0.540741 0.081250 0.170370
4 0.371875 0.680556 0.045139 0.075926
9 0.666667 0.426389 0.033333 0.062037
7 0.569097 0.475000 0.110417 0.105556
6 0.569444 0.588889 0.041667 0.074074
6 0.636458 0.545370 0.064583 0.072222
6 0.641667 0.427778 0.027778 0.062963
6 0.339236 0.638426 0.043750 0.043519
8 0.410417 0.556944 0.131944 0.173148
1 0.574306 0.524074 0.061111 0.046296
1 0.605208 0.574537 0.039583 0.080556
5 0.335764 0.512037 0.040972 0.037037
0 0.627778 0.463426 0.052778 0.099074
