9 0.388194 0.344907 0.029167 0.050926
6 0.412500 0.343981 0.026389 0.050926
6 0.482639 0.295370 0.051389 0.048148
6 0.544792 0.311574 0.029861 0.054630
6 0.688194 0.426852 0.040278 0.053704
4 0.684722 0.382407 0.037500 0.053704
3 0.599653 0.332870 0.024306 0.041667
3 0.716667 0.406481 0.038889 0.070370
8 0.619444 0.417130 0.112500 0.145370
5 0.636458 0.501389 0.040972 0.043519
2 0.562500 0.364352 0.088889 0.112037
1 0.523264 0.287500 0.036806 0.045370
1 0.517361 0.318056 0.041667 0.047222
7 0.488889 0.353704 0.091667 0.094444
0 0.447569 0.336111 0.049306 0.090741
