3 0.548611 0.762500 0.050000 0.082407
3 0.613542 0.587037 0.031250 0.059259
4 0.564583 0.714815 0.050000 0.075926
2 0.556597 0.527315 0.113194 0.130556
0 0.577431 0.373611 0.068750 0.071296
6 0.627083 0.415741 0.051389 0.062963
6 0.560417 0.336574 0.038889 0.034259
6 0.620486 0.495833 0.053472 0.056481
6 0.522222 0.724074 0.037500 0.072222
1 0.594792 0.453241 0.034028 0.062037
1 0.635069 0.454167 0.050694 0.054630
7 0.551042 0.428241 0.092361 0.126852
8 0.509028 0.601852 0.125000 0.177778
5 0.432639 0.647222 0.027778 0.053704
9 0.564583 0.317130 0.023611 0.041667
