2 0.550000 0.448148 0.134722 0.135185
8 0.607986 0.534722 0.171528 0.212037
7 0.462847 0.399537 0.121528 0.134259
0 0.422917 0.355556 0.076389 0.098148
3 0.748958 0.568056 0.064583 0.110185
4 0.713542 0.519444 0.057639 0.085185
6 0.552083 0.374074 0.048611 0.062963
9 0.348611 0.352778 0.033333 0.068519
5 0.597222 0.655556 0.044444 0.072222
6 0.374306 0.349537 0.034722 0.049074
6 0.482986 0.329630 0.059028 0.055556
6 0.704167 0.581944 0.047222 0.078704
3 0.620139 0.425000 0.027778 0.059259
1 0.530903 0.336111 0.050694 0.050000
1 0.510764 0.362963 0.047917 0.053704
