9 0.495833 0.543981 0.026389 0.047222
6 0.507986 0.511111 0.038194 0.051852
6 0.475000 0.424537 0.055556 0.075000
6 0.505903 0.357407 0.039583 0.046296
6 0.627083 0.268056 0.022222 0.026852
0 0.507292 0.472222 0.060417 0.092593
7 0.544792 0.444444 0.095139 0.142593
2 0.564931 0.363889 0.093750 0.112963
8 0.617708 0.326389 0.102083 0.130556
5 0.676736 0.342130 0.028472 0.034259
3 0.615278 0.242130 0.027778 0.050926
3 0.532986 0.319907 0.020139 0.045370
4 0.594792 0.262037 0.031250 0.051852
1 0.486806 0.372685 0.041667 0.056481
1 0.518403 0.387037 0.040972 0.057407
