9 0.629167 0.220370 0.027778 0.031481
6 0.612153 0.230556 0.027083 0.042593
6 0.637153 0.332407 0.060417 0.059259
6 0.581597 0.388426 0.042361 0.058333
6 0.360417 0.501852 0.047222 0.033333
3 0.357292 0.566667 0.047917 0.096296
3 0.528472 0.468056 0.029167 0.069444
4 0.404167 0.535185 0.045833 0.087037
5 0.320833 0.398611 0.033333 0.026852
8 0.407986 0.402315 0.146528 0.162037
2 0.499306 0.366204 0.105556 0.139815
1 0.576389 0.327778 0.050000 0.044444
1 0.614583 0.356944 0.045833 0.063889
7 0.547222 0.277778 0.101389 0.079630
0 0.606944 0.251852 0.056944 0.062963
