0 0.334722 0.603241 0.073611 0.136111
1 0.457986 0.476852 0.052083 0.100000
1 0.457986 0.558333 0.075694 0.066667
2 0.552431 0.625926 0.125694 0.218519
3 0.815625 0.613426 0.074306 0.075000
3 0.602083 0.507407 0.045833 0.050000
4 0.758681 0.587500 0.075694 0.075000
6 0.283333 0.637037 0.044444 0.074074
6 0.388889 0.490741 0.091667 0.107407
6 0.498611 0.498611 0.047222 0.089815
6 0.777778 0.663889 0.054167 0.051852
7 0.422569 0.649074 0.150694 0.174074
8 0.659722 0.705556 0.187500 0.231481
9 0.237500 0.637037 0.051389 0.050000
5 0.699653 0.839815 0.053472 0.038889
