8 0.537847 0.509722 0.142361 0.167593
3 0.648264 0.625463 0.061806 0.108333
7 0.499306 0.351852 0.084722 0.114815
3 0.621181 0.454167 0.029861 0.067593
1 0.554167 0.341667 0.031944 0.057407
6 0.592361 0.372222 0.050000 0.042593
5 0.475694 0.593056 0.022222 0.062037
6 0.468056 0.277778 0.037500 0.035185
6 0.562847 0.306019 0.052083 0.032407
6 0.603125 0.609259 0.035417 0.087037
9 0.459722 0.261574 0.015278 0.026852
4 0.641667 0.554167 0.048611 0.050926
2 0.545139 0.409722 0.120833 0.067593
1 0.590972 0.334259 0.051389 0.038889
1 0.501042 0.287037 0.064583 0.033333
