3 0.604861 0.200463 0.033333 0.067593
3 0.535069 0.333796 0.018750 0.062037
4 0.588194 0.230093 0.037500 0.058333
8 0.621181 0.287963 0.136806 0.153704
5 0.695486 0.306944 0.022917 0.043519
6 0.623611 0.226852 0.027778 0.031481
6 0.517708 0.383796 0.052083 0.047222
6 0.501736 0.484259 0.063194 0.100000
6 0.567361 0.578241 0.050000 0.054630
7 0.588542 0.456944 0.090972 0.139815
0 0.552778 0.520370 0.083333 0.075926
1 0.503125 0.414352 0.050694 0.054630
1 0.544097 0.421296 0.038194 0.062963
9 0.555903 0.625926 0.034028 0.050000
2 0.593056 0.370833 0.118056 0.123148
