3 0.279167 0.337963 0.044444 0.081481
3 0.403125 0.463889 0.028472 0.066667
4 0.309722 0.369907 0.044444 0.080556
6 0.648611 0.469907 0.038889 0.060185
6 0.555556 0.527778 0.063889 0.075926
6 0.477778 0.487037 0.044444 0.061111
6 0.319444 0.321759 0.047222 0.041667
8 0.400000 0.325000 0.140278 0.162963
2 0.460417 0.392593 0.113889 0.131481
7 0.556597 0.408796 0.110417 0.119444
1 0.515278 0.450000 0.056944 0.059259
1 0.502083 0.502315 0.048611 0.071296
0 0.609722 0.466204 0.062500 0.099074
9 0.682986 0.493056 0.039583 0.058333
