9 0.581250 0.545833 0.018056 0.017593
6 0.580208 0.524537 0.032639 0.039815
6 0.524653 0.463426 0.045139 0.069444
6 0.530208 0.393981 0.035417 0.036111
6 0.590278 0.272685 0.020833 0.021296
7 0.584028 0.437963 0.068056 0.087037
0 0.566319 0.483796 0.052083 0.052778
5 0.650694 0.325463 0.016667 0.036111
8 0.604861 0.327778 0.080556 0.103704
2 0.577778 0.372222 0.079167 0.070370
3 0.575347 0.248148 0.024306 0.031481
3 0.535417 0.352315 0.016667 0.039815
4 0.566319 0.280556 0.025694 0.046296
1 0.521181 0.411111 0.036806 0.040741
1 0.551736 0.410648 0.027083 0.045370
