9 0.415972 0.430556 0.038889 0.057407
6 0.442014 0.409722 0.032639 0.075000
6 0.451736 0.314815 0.061806 0.074074
6 0.506597 0.264815 0.031250 0.038889
6 0.675694 0.249537 0.027778 0.045370
0 0.462847 0.377315 0.047917 0.125000
7 0.513889 0.363889 0.098611 0.129630
2 0.567708 0.300000 0.078472 0.120370
3 0.675347 0.214352 0.031250 0.050926
3 0.556250 0.237963 0.020833 0.022222
4 0.644097 0.219907 0.035417 0.043519
5 0.698264 0.334722 0.034028 0.032407
1 0.481944 0.268519 0.031944 0.053704
1 0.505903 0.293981 0.047917 0.045370
8 0.638542 0.286111 0.110417 0.111111
