0 0.390278 0.595370 0.088889 0.142593
1 0.395833 0.378704 0.068056 0.109259
1 0.444792 0.431481 0.081250 0.090741
9 0.345486 0.727778 0.054861 0.053704
5 0.761111 0.368981 0.055556 0.039815
8 0.667708 0.318981 0.193750 0.250926
6 0.712153 0.174537 0.052083 0.052778
6 0.437500 0.356019 0.063889 0.093519
6 0.357639 0.467593 0.093056 0.112963
6 0.379167 0.677778 0.051389 0.077778
3 0.713889 0.098611 0.048611 0.069444
4 0.661458 0.132407 0.052083 0.062963
3 0.514236 0.244907 0.035417 0.043519
2 0.547222 0.380093 0.138889 0.217593
7 0.474306 0.534259 0.161111 0.192593
