3 0.388194 0.172685 0.034722 0.065741
3 0.391319 0.338889 0.024306 0.074074
4 0.390625 0.218056 0.034028 0.071296
8 0.465625 0.245833 0.104861 0.119444
7 0.516319 0.414815 0.082639 0.111111
2 0.460764 0.337963 0.120139 0.081481
1 0.415625 0.425000 0.059028 0.037037
1 0.456597 0.406944 0.038194 0.071296
0 0.516667 0.500000 0.077778 0.070370
6 0.551389 0.537037 0.047222 0.042593
6 0.440972 0.490278 0.058333 0.078704
6 0.414931 0.392130 0.057639 0.036111
6 0.417014 0.193519 0.024306 0.055556
9 0.563889 0.578704 0.033333 0.055556
5 0.517014 0.207407 0.015972 0.033333
