3 0.647222 0.665741 0.058333 0.107407
8 0.553472 0.526852 0.138889 0.168519
7 0.540278 0.368056 0.081944 0.108333
3 0.648611 0.490741 0.030556 0.066667
1 0.593056 0.368056 0.030556 0.054630
2 0.576736 0.445370 0.120139 0.096296
6 0.628472 0.406481 0.052778 0.048148
5 0.477778 0.606944 0.027778 0.065741
6 0.518403 0.294907 0.038194 0.032407
6 0.610764 0.333796 0.053472 0.041667
6 0.602778 0.640278 0.037500 0.080556
9 0.514583 0.275463 0.019444 0.023148
4 0.648958 0.598148 0.050694 0.057407
0 0.549306 0.309259 0.062500 0.042593
1 0.631250 0.367130 0.051389 0.045370
