6 0.361806 0.225000 0.033333 0.051852
6 0.459375 0.491667 0.049306 0.055556
6 0.521181 0.575926 0.063194 0.094444
6 0.635764 0.557407 0.039583 0.048148
9 0.660764 0.592130 0.039583 0.052778
0 0.593403 0.540278 0.075694 0.080556
1 0.503125 0.482407 0.049306 0.075926
1 0.475694 0.530556 0.055556 0.057407
2 0.474306 0.393056 0.122222 0.143519
7 0.560417 0.457407 0.108333 0.151852
3 0.399653 0.417130 0.025694 0.032407
3 0.317708 0.213889 0.039583 0.051852
4 0.337500 0.266667 0.040278 0.050000
8 0.443403 0.273611 0.134028 0.195370
5 0.467708 0.175463 0.015972 0.037963
