3 0.488542 0.747685 0.053472 0.084259
3 0.598264 0.600926 0.028472 0.059259
4 0.519097 0.705093 0.045139 0.075000
1 0.648958 0.480556 0.052083 0.066667
1 0.607639 0.462963 0.047222 0.070370
6 0.626042 0.513889 0.052083 0.061111
6 0.653125 0.435185 0.053472 0.068519
6 0.604514 0.340741 0.035417 0.040741
6 0.474306 0.699537 0.044444 0.069444
7 0.573958 0.426389 0.104861 0.132407
0 0.612847 0.376389 0.065972 0.073148
9 0.614931 0.319444 0.029861 0.042593
2 0.554514 0.519907 0.107639 0.143519
8 0.489236 0.573611 0.139583 0.180556
5 0.408333 0.596759 0.037500 0.041667
