9 0.671875 0.348611 0.031250 0.025000
6 0.644097 0.352778 0.022917 0.055556
6 0.597222 0.429630 0.056944 0.050000
6 0.524653 0.431019 0.025694 0.043519
6 0.311111 0.375926 0.036111 0.022222
3 0.280556 0.412037 0.037500 0.081481
3 0.444792 0.453241 0.024306 0.063889
4 0.323611 0.424074 0.038889 0.079630
8 0.391319 0.341667 0.111806 0.125926
2 0.471181 0.365741 0.075694 0.118519
1 0.545833 0.381944 0.050000 0.034259
1 0.554514 0.425000 0.025694 0.055556
7 0.555903 0.341204 0.088194 0.069444
0 0.617708 0.357407 0.031250 0.070370
