3 0.638889 0.220833 0.033333 0.075000
3 0.549306 0.324074 0.023611 0.061111
4 0.614931 0.249074 0.038194 0.072222
5 0.711111 0.341204 0.033333 0.041667
9 0.516667 0.613426 0.033333 0.049074
1 0.500347 0.394444 0.047917 0.053704
1 0.537847 0.410185 0.045139 0.059259
6 0.520139 0.377778 0.055556 0.057407
6 0.487847 0.456481 0.060417 0.074074
6 0.530903 0.567593 0.052083 0.055556
6 0.656944 0.245370 0.033333 0.040741
8 0.642361 0.318056 0.134722 0.139815
2 0.592708 0.375463 0.114583 0.126852
7 0.572569 0.461111 0.110417 0.127778
0 0.529514 0.510648 0.075694 0.091667
