9 0.664931 0.354630 0.043750 0.044444
6 0.642708 0.387500 0.038194 0.058333
6 0.659028 0.544907 0.072222 0.084259
6 0.601389 0.628704 0.044444 0.075926
6 0.376736 0.777778 0.045139 0.051852
3 0.379514 0.843519 0.047917 0.062963
4 0.421875 0.811111 0.042361 0.059259
3 0.546181 0.713889 0.025694 0.037037
5 0.338542 0.618519 0.049306 0.029630
8 0.425000 0.654630 0.154167 0.200000
2 0.518403 0.608333 0.106250 0.174074
7 0.570833 0.488426 0.125000 0.149074
1 0.600694 0.562500 0.062500 0.067593
1 0.636806 0.605093 0.051389 0.080556
0 0.636806 0.442130 0.065278 0.097222
