9 0.722917 0.321296 0.038889 0.033333
6 0.687500 0.325926 0.027778 0.068519
6 0.639236 0.429630 0.078472 0.072222
6 0.539236 0.437500 0.036806 0.060185
6 0.247222 0.379167 0.050000 0.026852
3 0.205208 0.435185 0.060417 0.120370
3 0.432292 0.475000 0.035417 0.088889
4 0.264236 0.443981 0.060417 0.104630
8 0.353472 0.333796 0.150000 0.169444
2 0.463889 0.357407 0.091667 0.166667
1 0.564236 0.370833 0.065972 0.043519
1 0.583333 0.428704 0.033333 0.081481
7 0.574653 0.312963 0.113194 0.085185
0 0.656597 0.332870 0.038194 0.091667
