3 0.724653 0.509722 0.040972 0.102778
3 0.600694 0.411574 0.033333 0.063889
4 0.688889 0.471759 0.037500 0.062037
1 0.521875 0.345370 0.046528 0.053704
1 0.509375 0.380556 0.052083 0.053704
6 0.473611 0.348148 0.055556 0.062963
6 0.399306 0.407870 0.029167 0.060185
6 0.692014 0.521759 0.053472 0.056481
6 0.544097 0.372685 0.042361 0.065741
7 0.477778 0.425463 0.100000 0.117593
0 0.435764 0.400000 0.047917 0.107407
9 0.374306 0.405556 0.034722 0.057407
5 0.629861 0.611574 0.036111 0.052778
8 0.613194 0.497685 0.120833 0.154630
2 0.556250 0.445370 0.097222 0.146296
