3 0.881944 0.486111 0.069444 0.090741
3 0.660417 0.423148 0.051389 0.064815
4 0.818403 0.475463 0.084028 0.076852
6 0.848958 0.541204 0.071528 0.047222
6 0.555208 0.423148 0.057639 0.103704
6 0.449306 0.446759 0.091667 0.123148
6 0.360764 0.610185 0.050694 0.098148
1 0.518403 0.412963 0.052083 0.103704
1 0.524653 0.493981 0.090972 0.071296
9 0.314931 0.617593 0.060417 0.061111
5 0.789931 0.730093 0.072917 0.056481
2 0.628125 0.542593 0.111806 0.237037
7 0.503125 0.595370 0.160417 0.187037
8 0.737847 0.603704 0.170139 0.250000
0 0.412153 0.569907 0.060417 0.162037
