0 0.644097 0.475926 0.053472 0.096296
1 0.597917 0.575463 0.056944 0.060185
1 0.629167 0.617593 0.043056 0.077778
2 0.526042 0.597222 0.096528 0.168519
3 0.381597 0.781944 0.042361 0.069444
3 0.535069 0.695370 0.034028 0.046296
9 0.675000 0.397685 0.044444 0.036111
7 0.581944 0.505093 0.113889 0.128704
6 0.653125 0.424074 0.032639 0.053704
6 0.654514 0.567593 0.067361 0.081481
6 0.595139 0.631481 0.034722 0.068519
6 0.386458 0.725926 0.040972 0.042593
8 0.438889 0.625000 0.131944 0.174074
5 0.363194 0.577778 0.047222 0.029630
4 0.420833 0.756944 0.038889 0.071296
