9 0.359722 0.428704 0.037500 0.055556
6 0.398264 0.411574 0.029861 0.041667
6 0.476389 0.343519 0.050000 0.037037
6 0.551736 0.336574 0.010417 0.028704
6 0.770139 0.465278 0.038889 0.065741
3 0.798958 0.419444 0.040972 0.068519
3 0.634028 0.352778 0.022222 0.020370
4 0.753472 0.395833 0.037500 0.050926
5 0.732639 0.564815 0.044444 0.050000
8 0.689583 0.447685 0.120833 0.132407
2 0.606944 0.402778 0.081944 0.107407
7 0.503472 0.408796 0.108333 0.071296
0 0.438889 0.400463 0.047222 0.097222
1 0.526042 0.318519 0.036806 0.035185
1 0.530556 0.355556 0.050000 0.024074
