6 0.389236 0.534259 0.110417 0.127778
6 0.301736 0.756019 0.042361 0.097222
6 0.890972 0.567130 0.062500 0.050926
9 0.248958 0.769907 0.059028 0.041667
8 0.766667 0.656944 0.191667 0.254630
7 0.463889 0.706481 0.163889 0.179630
1 0.464931 0.484259 0.046528 0.116667
1 0.488542 0.581019 0.086806 0.056481
3 0.646528 0.460185 0.052778 0.064815
3 0.934028 0.489352 0.073611 0.089815
4 0.852778 0.479630 0.087500 0.081481
2 0.612500 0.629167 0.119444 0.269444
6 0.521181 0.491667 0.045139 0.112963
5 0.844097 0.805093 0.054861 0.037963
0 0.352431 0.691667 0.057639 0.162963
