0 0.578819 0.643056 0.099306 0.097222
1 0.484375 0.558796 0.052083 0.095370
1 0.444792 0.609722 0.068750 0.071296
5 0.477431 0.180556 0.011806 0.048148
8 0.435417 0.295370 0.158333 0.225926
9 0.654514 0.707870 0.028472 0.056481
6 0.345139 0.216204 0.038889 0.060185
6 0.429514 0.561111 0.057639 0.061111
6 0.493750 0.662037 0.075000 0.103704
6 0.627778 0.668519 0.050000 0.057407
3 0.292708 0.201852 0.047917 0.062963
3 0.369792 0.458333 0.032639 0.038889
4 0.311458 0.263889 0.047917 0.059259
2 0.460764 0.438889 0.140972 0.135185
7 0.553125 0.538426 0.122917 0.171296
