0 0.510417 0.363426 0.072222 0.075000
1 0.520486 0.483796 0.043750 0.075000
1 0.562500 0.491204 0.056944 0.060185
2 0.473611 0.562963 0.123611 0.140741
3 0.527778 0.628704 0.031944 0.042593
3 0.445139 0.828704 0.045833 0.064815
9 0.499653 0.271296 0.031250 0.050000
7 0.475000 0.438889 0.104167 0.151852
6 0.494444 0.312963 0.041667 0.046296
6 0.560069 0.426852 0.063194 0.088889
6 0.545833 0.527315 0.048611 0.054630
6 0.422222 0.779630 0.034722 0.057407
4 0.464931 0.771759 0.043750 0.069444
5 0.333681 0.683796 0.032639 0.060185
8 0.416667 0.656944 0.134722 0.186111
