3 0.452083 0.853241 0.051389 0.076852
3 0.592361 0.684722 0.036111 0.052778
4 0.489583 0.805556 0.051389 0.085185
9 0.655903 0.300000 0.036806 0.048148
5 0.379514 0.647222 0.049306 0.044444
0 0.643750 0.400000 0.083333 0.103704
1 0.667361 0.552778 0.055556 0.081481
1 0.621875 0.523611 0.054861 0.071296
2 0.555208 0.586574 0.125694 0.180556
8 0.468056 0.663889 0.161111 0.218519
7 0.588889 0.462500 0.130556 0.173148
6 0.638542 0.338889 0.043750 0.064815
6 0.681944 0.486574 0.066667 0.093519
6 0.638542 0.589352 0.057639 0.075000
6 0.439583 0.798148 0.059722 0.072222
