6 0.662153 0.535648 0.031250 0.060185
6 0.584722 0.652315 0.066667 0.086111
6 0.270833 0.522222 0.047222 0.040741
6 0.494444 0.649074 0.036111 0.074074
3 0.229861 0.558796 0.041667 0.056481
3 0.409722 0.643981 0.029167 0.037963
4 0.275694 0.579630 0.043056 0.053704
8 0.363542 0.484722 0.140972 0.180556
4 0.452431 0.549074 0.103472 0.172222
5 0.329861 0.382407 0.044444 0.033333
7 0.554514 0.527778 0.117361 0.135185
1 0.529167 0.599074 0.058333 0.053704
4 0.529167 0.665278 0.040278 0.080556
9 0.698264 0.537037 0.038194 0.042593
0 0.623611 0.562963 0.054167 0.103704
