0 0.496528 0.454630 0.056944 0.044444
1 0.528819 0.539352 0.022917 0.056481
1 0.563194 0.531019 0.043056 0.037963
2 0.508681 0.621759 0.100694 0.089815
3 0.566319 0.649074 0.027083 0.033333
3 0.545139 0.837037 0.041667 0.050000
9 0.466667 0.383796 0.019444 0.041667
6 0.471875 0.418981 0.034028 0.032407
6 0.548958 0.480093 0.045139 0.069444
6 0.559375 0.564815 0.042361 0.037037
7 0.484722 0.522685 0.066667 0.110185
8 0.485764 0.716667 0.100694 0.133333
5 0.430903 0.768056 0.015972 0.049074
6 0.518403 0.806944 0.022917 0.043519
4 0.550000 0.785185 0.038889 0.055556
