0 0.627083 0.458333 0.041667 0.090741
2 0.495833 0.534259 0.072222 0.155556
1 0.565278 0.535185 0.051389 0.042593
1 0.585764 0.583796 0.034028 0.071296
3 0.326736 0.656019 0.043750 0.056481
3 0.485417 0.627315 0.029167 0.041667
7 0.565278 0.466667 0.097222 0.101852
6 0.646181 0.416667 0.028472 0.053704
6 0.621875 0.547685 0.061806 0.075000
6 0.553125 0.590741 0.028472 0.070370
6 0.342014 0.607407 0.042361 0.037037
5 0.346875 0.468519 0.046528 0.020370
4 0.367708 0.647685 0.042361 0.062037
8 0.407292 0.534259 0.114583 0.155556
9 0.674653 0.398148 0.034028 0.024074
