0 0.677083 0.543056 0.091667 0.141667
1 0.545486 0.557407 0.081250 0.083333
1 0.536458 0.641204 0.067361 0.110185
3 0.166667 0.400463 0.056944 0.075000
4 0.220486 0.443519 0.057639 0.074074
6 0.224306 0.362963 0.059722 0.061111
3 0.382986 0.572222 0.035417 0.046296
8 0.353819 0.346296 0.204861 0.262963
5 0.329167 0.201852 0.040278 0.038889
2 0.456944 0.465741 0.155556 0.227778
7 0.595833 0.471759 0.165278 0.193519
6 0.730208 0.517593 0.047917 0.074074
6 0.606597 0.642130 0.085417 0.108333
6 0.493750 0.607407 0.051389 0.098148
9 0.775347 0.531019 0.047917 0.050926
