0 0.544444 0.331944 0.104167 0.108333
1 0.565972 0.491204 0.055556 0.106481
1 0.623958 0.497222 0.075694 0.083333
2 0.503125 0.607407 0.168750 0.192593
3 0.580556 0.687963 0.044444 0.061111
3 0.479514 0.965278 0.057639 0.069444
9 0.525000 0.203241 0.040278 0.067593
6 0.518056 0.260185 0.055556 0.059259
6 0.615972 0.409722 0.086111 0.117593
6 0.600694 0.550000 0.066667 0.070370
7 0.499653 0.434259 0.139583 0.205556
6 0.446528 0.908796 0.045833 0.073148
4 0.508333 0.894907 0.055556 0.095370
5 0.320139 0.781481 0.040278 0.081481
8 0.431250 0.744444 0.181944 0.255556
