6 0.574306 0.200463 0.036111 0.023148
6 0.658681 0.291667 0.057639 0.053704
6 0.651736 0.383796 0.057639 0.067593
6 0.500347 0.648148 0.045139 0.092593
3 0.534028 0.699537 0.056944 0.119444
3 0.636806 0.487037 0.034722 0.083333
4 0.563194 0.634722 0.050000 0.097222
5 0.385764 0.548148 0.045139 0.055556
8 0.491667 0.483796 0.165278 0.200926
2 0.561111 0.404630 0.130556 0.146296
1 0.615278 0.319907 0.044444 0.065741
1 0.668750 0.328241 0.062500 0.052778
7 0.556250 0.292593 0.088889 0.111111
0 0.597917 0.230093 0.073611 0.049074
