6 0.323958 0.267130 0.038194 0.052778
6 0.451042 0.524074 0.053472 0.066667
6 0.521528 0.592130 0.068056 0.093519
6 0.632986 0.555093 0.045139 0.056481
9 0.664583 0.582870 0.037500 0.047222
0 0.588542 0.545370 0.078472 0.092593
1 0.496528 0.504630 0.055556 0.072222
1 0.471528 0.559722 0.056944 0.067593
7 0.549653 0.469444 0.115972 0.157407
2 0.455208 0.416204 0.124306 0.147222
3 0.380903 0.457870 0.031250 0.032407
3 0.276042 0.264352 0.043750 0.054630
4 0.304167 0.310185 0.043056 0.053704
8 0.411458 0.302778 0.142361 0.207407
5 0.426736 0.196296 0.022917 0.037037
