9 0.394792 0.417593 0.043750 0.070370
6 0.431250 0.395833 0.038889 0.097222
6 0.447917 0.277778 0.073611 0.092593
6 0.519792 0.214352 0.035417 0.039815
6 0.733333 0.201852 0.030556 0.033333
0 0.457292 0.349074 0.057639 0.150000
7 0.525347 0.337963 0.115972 0.161111
2 0.596875 0.263426 0.093750 0.150926
8 0.685069 0.252315 0.143750 0.143519
5 0.760069 0.315278 0.040972 0.041667
3 0.731250 0.167130 0.038889 0.062037
4 0.692361 0.169907 0.043056 0.047222
3 0.582986 0.184722 0.028472 0.019444
1 0.487153 0.215278 0.039583 0.054630
1 0.517361 0.244907 0.058333 0.043519
