1 0.383333 0.478704 0.037500 0.053704
6 0.418056 0.469907 0.031944 0.071296
6 0.474306 0.364815 0.063889 0.055556
6 0.551042 0.350000 0.028472 0.046296
6 0.755903 0.422685 0.036806 0.060185
5 0.736806 0.532870 0.047222 0.039815
8 0.686458 0.447685 0.113194 0.149074
4 0.731597 0.367593 0.043750 0.050000
3 0.772222 0.379630 0.044444 0.066667
3 0.618750 0.347685 0.026389 0.030556
7 0.514583 0.444907 0.105556 0.119444
2 0.598958 0.412963 0.074306 0.135185
1 0.520486 0.336574 0.028472 0.047222
1 0.530903 0.373148 0.052083 0.031481
0 0.448958 0.442593 0.034028 0.127778
