0 0.591667 0.430093 0.061111 0.082407
1 0.570486 0.536111 0.050694 0.062963
1 0.604514 0.562963 0.047917 0.066667
2 0.511111 0.584722 0.105556 0.154630
3 0.535069 0.662500 0.031250 0.039815
3 0.415972 0.791667 0.038889 0.062963
7 0.542361 0.477778 0.106944 0.133333
6 0.591667 0.381944 0.033333 0.047222
6 0.618750 0.508796 0.058333 0.080556
6 0.577431 0.585185 0.039583 0.057407
6 0.410069 0.742593 0.036806 0.048148
8 0.435764 0.632407 0.131250 0.168519
4 0.447222 0.754167 0.038889 0.067593
5 0.360417 0.618056 0.034722 0.037963
9 0.607639 0.350000 0.034722 0.040741
