0 0.400000 0.681944 0.058333 0.175000
1 0.504861 0.459722 0.045833 0.130556
1 0.532639 0.550463 0.093056 0.065741
5 0.905903 0.744444 0.052083 0.025926
8 0.823611 0.597222 0.201389 0.251852
9 0.290625 0.778241 0.059028 0.039815
6 0.935069 0.494444 0.060417 0.048148
6 0.554861 0.456481 0.040278 0.109259
6 0.424653 0.513426 0.107639 0.119444
6 0.346181 0.752778 0.042361 0.098148
3 0.973958 0.408333 0.052083 0.090741
4 0.907986 0.410185 0.060417 0.083333
3 0.692014 0.406019 0.043750 0.056481
2 0.663889 0.575926 0.112500 0.251852
7 0.517708 0.687963 0.168750 0.174074
