4 0.671875 0.916667 0.059028 0.077778
6 0.620833 0.949537 0.037500 0.091667
6 0.672917 0.465278 0.070833 0.099074
6 0.686111 0.587963 0.062500 0.064815
6 0.561806 0.372222 0.055556 0.061111
7 0.579167 0.520370 0.105556 0.177778
9 0.557639 0.322685 0.030556 0.062037
5 0.494444 0.874537 0.026389 0.099074
8 0.573958 0.806944 0.163194 0.208333
2 0.611806 0.662037 0.155556 0.144444
1 0.646181 0.550000 0.036806 0.087037
1 0.698264 0.537037 0.063194 0.057407
0 0.595833 0.421759 0.097222 0.069444
3 0.699653 0.717130 0.028472 0.037963
