0 0.473611 0.627778 0.084722 0.057407
1 0.367014 0.542130 0.059028 0.039815
1 0.414236 0.517130 0.032639 0.076852
5 0.501042 0.202778 0.013194 0.061111
8 0.431597 0.272685 0.122917 0.169444
6 0.380556 0.169907 0.026389 0.054630
6 0.367708 0.496296 0.061806 0.046296
6 0.398611 0.609722 0.059722 0.087963
6 0.512500 0.670370 0.044444 0.037037
3 0.337847 0.136111 0.043750 0.057407
4 0.339236 0.195833 0.040972 0.052778
3 0.340278 0.383796 0.026389 0.034259
7 0.480208 0.527778 0.086806 0.140741
9 0.526389 0.717130 0.025000 0.050926
2 0.421181 0.408796 0.121528 0.097222
