3 0.730556 0.346296 0.033333 0.061111
3 0.598958 0.343981 0.028472 0.043519
4 0.695486 0.344907 0.034028 0.063889
8 0.667361 0.405093 0.109722 0.152778
5 0.715972 0.487500 0.038889 0.050926
6 0.727778 0.377778 0.040278 0.046296
6 0.543056 0.349074 0.031944 0.048148
6 0.481250 0.377315 0.055556 0.060185
6 0.445139 0.480556 0.029167 0.059259
9 0.417014 0.494907 0.032639 0.041667
0 0.471181 0.444444 0.032639 0.105556
7 0.525347 0.442130 0.090972 0.099074
2 0.590625 0.404630 0.056250 0.138889
1 0.518056 0.347685 0.026389 0.049074
1 0.529167 0.379167 0.052778 0.034259
