3 0.732986 0.536574 0.034028 0.073148
3 0.630208 0.418056 0.020139 0.052778
4 0.706944 0.502778 0.033333 0.055556
6 0.430556 0.361111 0.029167 0.048148
6 0.517014 0.334259 0.056250 0.064815
6 0.696875 0.546759 0.046528 0.056481
6 0.576389 0.366204 0.040278 0.043519
7 0.506944 0.399537 0.088889 0.121296
0 0.469792 0.360185 0.056250 0.083333
1 0.558681 0.335648 0.039583 0.052778
1 0.544097 0.374074 0.042361 0.057407
2 0.573264 0.437963 0.106250 0.129630
8 0.626042 0.510648 0.138194 0.171296
9 0.408333 0.355556 0.027778 0.053704
5 0.617014 0.618981 0.046528 0.063889
