9 0.677431 0.261574 0.028472 0.030556
6 0.654167 0.269907 0.025000 0.047222
6 0.660417 0.375000 0.058333 0.057407
6 0.592014 0.415741 0.038194 0.053704
6 0.343056 0.471759 0.051389 0.026852
3 0.330556 0.537037 0.050000 0.101852
3 0.522917 0.483333 0.030556 0.072222
4 0.382986 0.518519 0.050694 0.090741
5 0.331944 0.369907 0.031944 0.032407
8 0.414583 0.389815 0.141667 0.157407
2 0.510417 0.378241 0.091667 0.152778
1 0.594097 0.352778 0.054861 0.042593
1 0.628819 0.391204 0.042361 0.062037
7 0.578125 0.306944 0.107639 0.073148
0 0.641319 0.289815 0.047917 0.074074
