5 0.784028 0.414352 0.026389 0.023148
3 0.723958 0.275926 0.034028 0.027778
4 0.694444 0.299074 0.034722 0.042593
3 0.605556 0.331944 0.022222 0.013889
8 0.704861 0.373611 0.122222 0.110185
6 0.735069 0.316204 0.018750 0.023148
6 0.552083 0.371296 0.023611 0.031481
6 0.504861 0.431019 0.062500 0.034259
6 0.515972 0.542593 0.036111 0.046296
1 0.530556 0.377778 0.041667 0.044444
1 0.564236 0.402778 0.047917 0.037037
7 0.587847 0.456481 0.095139 0.077778
2 0.633333 0.395833 0.086111 0.108333
0 0.529167 0.488889 0.050000 0.079630
9 0.491319 0.575000 0.036806 0.031481
