3 0.320486 0.153241 0.040972 0.071296
3 0.346181 0.317593 0.029861 0.061111
4 0.326389 0.196296 0.040278 0.072222
8 0.414583 0.207407 0.116667 0.131481
7 0.485069 0.374537 0.095139 0.121296
1 0.427778 0.375000 0.038889 0.072222
1 0.386458 0.403241 0.059028 0.043519
2 0.421528 0.307407 0.119444 0.094444
6 0.380903 0.376852 0.057639 0.048148
6 0.539583 0.487500 0.045833 0.047222
6 0.422569 0.468981 0.063194 0.078704
6 0.354861 0.171759 0.022222 0.052778
0 0.502778 0.452315 0.080556 0.071296
9 0.560417 0.532870 0.029167 0.054630
5 0.453819 0.163426 0.011806 0.041667
