3 0.364583 0.611574 0.054167 0.104630
2 0.551042 0.470833 0.092361 0.152778
8 0.453125 0.478704 0.140972 0.155556
1 0.666319 0.492593 0.043750 0.066667
7 0.617014 0.404167 0.106250 0.078704
6 0.630208 0.513889 0.038194 0.057407
3 0.556944 0.574537 0.031944 0.075000
4 0.417361 0.600463 0.050000 0.093519
6 0.698264 0.478704 0.059028 0.057407
5 0.370486 0.448611 0.034028 0.026852
6 0.380903 0.550926 0.054861 0.033333
6 0.692708 0.377778 0.027083 0.048148
0 0.681597 0.401389 0.054861 0.084259
9 0.715278 0.376389 0.030556 0.041667
1 0.631944 0.456944 0.061111 0.054630
