9 0.353472 0.439352 0.050000 0.069444
6 0.398958 0.428241 0.039583 0.097222
6 0.471875 0.293981 0.081250 0.063889
6 0.567708 0.272685 0.031250 0.054630
6 0.831250 0.359722 0.041667 0.071296
5 0.815278 0.499074 0.059722 0.053704
8 0.750347 0.395370 0.152083 0.198148
4 0.795833 0.291667 0.055556 0.062963
3 0.846528 0.308796 0.055556 0.086111
3 0.655208 0.264815 0.032639 0.031481
2 0.632639 0.348148 0.080556 0.170370
7 0.522917 0.393056 0.134722 0.152778
0 0.438889 0.396759 0.047222 0.171296
1 0.527083 0.256019 0.036111 0.060185
1 0.543056 0.299537 0.066667 0.036111
