3 0.530208 0.192130 0.038194 0.065741
3 0.526389 0.357870 0.022222 0.062037
4 0.529514 0.236574 0.035417 0.069444
2 0.597917 0.365741 0.118056 0.077778
8 0.602778 0.275463 0.109722 0.115741
7 0.650000 0.454167 0.080556 0.117593
1 0.591667 0.441204 0.034722 0.073148
1 0.547569 0.455093 0.059028 0.043519
0 0.645139 0.548148 0.080556 0.072222
6 0.678472 0.586111 0.052778 0.044444
6 0.573264 0.524537 0.060417 0.080556
6 0.546528 0.420833 0.058333 0.036111
6 0.559722 0.213889 0.025000 0.038889
5 0.656597 0.238889 0.020139 0.037037
9 0.693750 0.636111 0.029167 0.061111
