3 0.343056 0.704167 0.048611 0.087963
3 0.513889 0.643056 0.029167 0.065741
8 0.417708 0.550926 0.134028 0.175926
5 0.338542 0.515278 0.032639 0.032407
9 0.662500 0.403241 0.031944 0.063889
4 0.388889 0.682870 0.045833 0.080556
7 0.573264 0.462037 0.114583 0.114815
1 0.581944 0.516667 0.052778 0.059259
1 0.610417 0.561111 0.044444 0.085185
2 0.506944 0.539815 0.093056 0.175926
6 0.354861 0.648611 0.052778 0.049074
6 0.644444 0.526389 0.065278 0.073148
6 0.641667 0.409722 0.034722 0.063889
6 0.577083 0.580093 0.036111 0.080556
0 0.629861 0.440741 0.055556 0.105556
