3 0.306944 0.630093 0.050000 0.078704
3 0.484028 0.627778 0.025000 0.057407
4 0.353819 0.628704 0.046528 0.077778
8 0.410417 0.519444 0.116667 0.151852
7 0.579167 0.473611 0.101389 0.102778
6 0.665278 0.449074 0.025000 0.064815
6 0.635764 0.556481 0.065972 0.074074
6 0.558333 0.584722 0.031944 0.065741
6 0.330556 0.579167 0.043056 0.034259
2 0.497569 0.518981 0.065972 0.169444
9 0.689236 0.449074 0.034028 0.062963
0 0.641319 0.468056 0.040972 0.091667
1 0.575000 0.528704 0.058333 0.046296
1 0.597222 0.579167 0.030556 0.082407
5 0.347569 0.459722 0.034028 0.032407
