3 0.605903 0.681481 0.045139 0.085185
3 0.572222 0.503704 0.026389 0.064815
4 0.598611 0.626389 0.044444 0.063889
9 0.411458 0.315741 0.024306 0.042593
6 0.422917 0.338426 0.037500 0.039815
6 0.512153 0.362037 0.053472 0.061111
6 0.568750 0.669907 0.030556 0.075000
6 0.544792 0.430556 0.046528 0.051852
1 0.541319 0.386574 0.047917 0.041667
1 0.506250 0.401852 0.038889 0.064815
0 0.452431 0.353704 0.067361 0.051852
7 0.459375 0.415278 0.088194 0.106481
2 0.502778 0.487500 0.133333 0.091667
8 0.502083 0.586111 0.150000 0.155556
5 0.457986 0.677778 0.027083 0.068519
