8 0.585069 0.541204 0.170139 0.204630
2 0.549653 0.445833 0.139583 0.117593
3 0.726389 0.608333 0.066667 0.109259
4 0.701042 0.558333 0.053472 0.090741
7 0.469444 0.382870 0.109722 0.125000
1 0.524653 0.357407 0.046528 0.062963
6 0.567708 0.376852 0.052083 0.055556
5 0.551736 0.659259 0.040972 0.077778
6 0.401389 0.326852 0.037500 0.051852
6 0.509722 0.321759 0.055556 0.050926
6 0.678819 0.609722 0.040972 0.080556
9 0.381944 0.319444 0.025000 0.057407
3 0.625694 0.443056 0.029167 0.065741
1 0.553819 0.339815 0.052083 0.051852
0 0.444097 0.324537 0.071528 0.058333
