9 0.351042 0.443981 0.052083 0.071296
6 0.398611 0.428704 0.037500 0.098148
6 0.464583 0.284722 0.090278 0.063889
6 0.564931 0.259722 0.035417 0.056481
0 0.440972 0.387500 0.044444 0.167593
7 0.527778 0.393519 0.133333 0.159259
2 0.639236 0.331944 0.085417 0.173148
8 0.756944 0.373611 0.162500 0.189815
5 0.830903 0.474537 0.060417 0.052778
6 0.838194 0.340278 0.044444 0.075000
3 0.848958 0.279630 0.059028 0.087037
4 0.798611 0.265741 0.058333 0.057407
3 0.653125 0.246759 0.035417 0.028704
1 0.524653 0.243056 0.035417 0.058333
1 0.544097 0.291204 0.068750 0.039815
