9 0.584722 0.229167 0.020833 0.019444
6 0.574653 0.244907 0.025694 0.021296
6 0.614583 0.318056 0.044444 0.041667
6 0.592361 0.373148 0.036111 0.048148
6 0.459375 0.509259 0.031250 0.050000
3 0.469444 0.543056 0.033333 0.076852
3 0.567014 0.437963 0.021528 0.053704
4 0.496528 0.514815 0.031944 0.068519
5 0.404514 0.433333 0.029861 0.024074
8 0.469097 0.411111 0.113194 0.127778
2 0.531597 0.378241 0.081250 0.112037
1 0.576736 0.326389 0.034028 0.041667
1 0.610069 0.343519 0.035417 0.046296
7 0.543056 0.299537 0.075000 0.078704
0 0.581597 0.266667 0.050694 0.048148
