3 0.665278 0.613889 0.063889 0.107407
3 0.655556 0.409722 0.031944 0.071296
4 0.669097 0.549074 0.054861 0.077778
6 0.619792 0.588889 0.043750 0.081481
6 0.601736 0.247222 0.052083 0.051852
6 0.629514 0.319444 0.059028 0.059259
6 0.505903 0.202315 0.042361 0.039815
2 0.577431 0.365278 0.132639 0.089815
8 0.558333 0.474537 0.145833 0.180556
5 0.482292 0.560185 0.014583 0.066667
7 0.531250 0.281019 0.098611 0.121296
1 0.588542 0.281944 0.032639 0.062037
1 0.629861 0.272685 0.059722 0.045370
0 0.536111 0.215278 0.070833 0.039815
9 0.494097 0.182407 0.024306 0.040741
