3 0.725694 0.575926 0.041667 0.072222
3 0.631944 0.440741 0.022222 0.059259
4 0.699653 0.540278 0.035417 0.067593
1 0.545139 0.381944 0.040278 0.056481
1 0.563889 0.350463 0.044444 0.045370
9 0.415625 0.350463 0.025694 0.047222
6 0.436806 0.364352 0.030556 0.047222
6 0.527083 0.342130 0.050000 0.060185
6 0.580208 0.383796 0.045139 0.062037
6 0.687847 0.583796 0.045139 0.062037
7 0.509722 0.409259 0.100000 0.124074
0 0.477083 0.360648 0.070833 0.073148
2 0.569097 0.457407 0.113194 0.118519
8 0.615278 0.541204 0.144444 0.167593
5 0.600000 0.639352 0.033333 0.062037
