9 0.588889 0.613889 0.027778 0.033333
6 0.589583 0.580556 0.045833 0.051852
6 0.520833 0.488426 0.062500 0.093519
6 0.536111 0.397222 0.045833 0.048148
6 0.628819 0.250463 0.025694 0.034259
5 0.703819 0.324537 0.022917 0.039815
0 0.577083 0.524537 0.072222 0.080556
7 0.604514 0.472685 0.096528 0.143519
2 0.600347 0.374074 0.107639 0.098148
3 0.611111 0.218519 0.033333 0.044444
3 0.548264 0.346759 0.022917 0.058333
1 0.519444 0.420370 0.050000 0.057407
1 0.562500 0.423148 0.040278 0.062963
8 0.644444 0.321296 0.111111 0.140741
4 0.596528 0.256019 0.037500 0.060185
