3 0.875000 0.678704 0.070833 0.111111
3 0.710417 0.481019 0.059722 0.052778
4 0.829167 0.630556 0.070833 0.088889
1 0.570833 0.449537 0.084722 0.100926
1 0.586111 0.382407 0.080556 0.111111
6 0.514583 0.358333 0.105556 0.122222
6 0.385764 0.446296 0.057639 0.083333
6 0.826736 0.706944 0.065972 0.087963
6 0.617014 0.415741 0.064583 0.101852
7 0.509722 0.514352 0.161111 0.208333
9 0.345486 0.419907 0.068750 0.075000
5 0.709375 0.836111 0.065972 0.087037
0 0.445833 0.431944 0.094444 0.147222
2 0.629514 0.553241 0.156250 0.241667
8 0.713194 0.671296 0.190278 0.288889
