0 0.468056 0.447222 0.077778 0.070370
1 0.578819 0.479167 0.060417 0.056481
1 0.543750 0.517130 0.043056 0.076852
2 0.555208 0.618519 0.127083 0.114815
3 0.630556 0.603241 0.037500 0.039815
3 0.688889 0.826852 0.055556 0.061111
9 0.406250 0.389815 0.026389 0.053704
6 0.427083 0.425463 0.041667 0.045370
6 0.538194 0.434722 0.062500 0.089815
6 0.586111 0.519444 0.051389 0.048148
6 0.648264 0.816204 0.035417 0.054630
4 0.672569 0.766667 0.052083 0.068519
5 0.530208 0.841667 0.025694 0.062963
8 0.578819 0.744907 0.129861 0.187963
7 0.488542 0.531481 0.097917 0.146296
