9 0.368403 0.418981 0.052083 0.075000
6 0.410417 0.389815 0.040278 0.103704
6 0.441319 0.257407 0.093750 0.100000
6 0.522569 0.187037 0.040972 0.046296
6 0.769444 0.185648 0.036111 0.037963
0 0.444097 0.343981 0.064583 0.171296
7 0.524306 0.331019 0.137500 0.176852
2 0.609375 0.243519 0.100694 0.166667
8 0.714931 0.242593 0.164583 0.170370
5 0.799306 0.316667 0.052778 0.051852
3 0.769792 0.139815 0.046528 0.062963
4 0.724306 0.146296 0.050000 0.051852
3 0.597917 0.158333 0.031944 0.022222
1 0.486458 0.193519 0.047917 0.068519
1 0.516319 0.228704 0.067361 0.057407
