3 0.902778 0.436574 0.081944 0.091667
4 0.832292 0.438889 0.082639 0.092593
8 0.761111 0.606944 0.183333 0.245370
5 0.844097 0.746296 0.057639 0.037037
2 0.614236 0.589815 0.106250 0.270370
3 0.637153 0.423148 0.061806 0.066667
6 0.519097 0.461574 0.059028 0.112037
6 0.392708 0.511574 0.109028 0.130556
6 0.314931 0.733333 0.046528 0.103704
7 0.475000 0.676389 0.154167 0.193519
1 0.470833 0.461111 0.044444 0.127778
1 0.493750 0.546296 0.094444 0.066667
9 0.262153 0.757407 0.054861 0.037037
6 0.874653 0.508796 0.064583 0.043519
0 0.365625 0.676389 0.057639 0.193519
