9 0.514583 0.594907 0.036111 0.058333
6 0.527431 0.550000 0.049306 0.068519
6 0.467708 0.433333 0.078472 0.109259
6 0.507292 0.333796 0.050694 0.063889
6 0.653125 0.196759 0.028472 0.028704
5 0.726042 0.294907 0.038194 0.037963
0 0.521528 0.491204 0.086111 0.125000
7 0.569792 0.446296 0.124306 0.187037
2 0.591319 0.334259 0.128472 0.140741
8 0.652083 0.286111 0.138889 0.177778
3 0.635417 0.167593 0.036111 0.062963
3 0.537153 0.279167 0.027083 0.058333
4 0.611806 0.196759 0.038889 0.063889
1 0.482292 0.354630 0.057639 0.074074
1 0.528125 0.366667 0.053472 0.070370
