9 0.403819 0.294907 0.027083 0.060185
6 0.425694 0.300000 0.031944 0.050000
6 0.510069 0.273611 0.054861 0.056481
6 0.567361 0.307870 0.037500 0.049074
6 0.683681 0.475463 0.045139 0.071296
4 0.695139 0.422685 0.043056 0.058333
3 0.620139 0.349537 0.025000 0.052778
3 0.721875 0.462963 0.045139 0.083333
5 0.600000 0.533796 0.040278 0.052778
8 0.611458 0.441204 0.128472 0.163889
2 0.564931 0.366667 0.103472 0.101852
7 0.495139 0.330556 0.093056 0.114815
1 0.550694 0.274537 0.045833 0.045370
1 0.533681 0.304167 0.038194 0.058333
0 0.460764 0.299537 0.057639 0.087963
