9 0.497569 0.628704 0.036806 0.051852
6 0.515972 0.585648 0.040278 0.054630
6 0.476736 0.441667 0.064583 0.079630
6 0.519097 0.350000 0.046528 0.064815
6 0.686806 0.178704 0.036111 0.042593
0 0.516667 0.523611 0.068056 0.097222
7 0.567708 0.462037 0.113194 0.146296
1 0.536806 0.398148 0.052778 0.066667
1 0.496181 0.374074 0.052083 0.072222
2 0.598958 0.349537 0.109028 0.145370
3 0.559722 0.260648 0.025000 0.028704
3 0.678472 0.123611 0.040278 0.047222
4 0.650347 0.158333 0.036806 0.042593
8 0.671875 0.287963 0.142361 0.188889
5 0.743403 0.303241 0.034028 0.028704
