7 0.620139 0.385648 0.111111 0.110185
8 0.488542 0.259722 0.131250 0.117593
2 0.525000 0.337500 0.122222 0.091667
0 0.659722 0.448611 0.080556 0.076852
1 0.561111 0.399074 0.054167 0.070370
6 0.705903 0.478704 0.045139 0.057407
3 0.444792 0.361111 0.024306 0.038889
6 0.581597 0.486574 0.071528 0.069444
6 0.510764 0.409722 0.049306 0.052778
6 0.406944 0.250926 0.034722 0.068519
9 0.740625 0.506481 0.039583 0.044444
1 0.530903 0.435185 0.061806 0.062963
3 0.368056 0.244907 0.040278 0.087963
4 0.386806 0.275000 0.041667 0.083333
