9 0.544097 0.698148 0.052083 0.074074
6 0.557639 0.634722 0.070833 0.086111
6 0.471528 0.475000 0.095833 0.137037
6 0.513889 0.344907 0.066667 0.080556
6 0.679514 0.156481 0.029861 0.025926
0 0.548264 0.546759 0.110417 0.149074
7 0.603125 0.478704 0.156250 0.235185
2 0.617361 0.334722 0.162500 0.169444
8 0.692361 0.270370 0.168056 0.224074
5 0.777778 0.282407 0.034722 0.055556
3 0.657292 0.120833 0.045139 0.069444
3 0.546528 0.282407 0.033333 0.092593
4 0.634375 0.168519 0.047917 0.087037
1 0.483681 0.377315 0.078472 0.104630
1 0.544097 0.391204 0.068750 0.104630
