9 0.603472 0.209722 0.020833 0.025000
6 0.589931 0.222685 0.028472 0.025000
6 0.628819 0.306019 0.049306 0.047222
6 0.598264 0.363426 0.035417 0.050926
6 0.435069 0.489815 0.038194 0.031481
3 0.444792 0.544907 0.038194 0.086111
3 0.564236 0.436111 0.024306 0.061111
4 0.477083 0.510648 0.038889 0.073148
5 0.382639 0.412963 0.030556 0.024074
8 0.459375 0.397222 0.121528 0.144444
2 0.527083 0.358333 0.090278 0.116667
7 0.548611 0.272685 0.081944 0.075000
1 0.584375 0.312500 0.035417 0.049074
1 0.619792 0.331481 0.042361 0.048148
0 0.594444 0.248611 0.054167 0.056481
