0 0.411111 0.617593 0.045833 0.133333
1 0.488889 0.447685 0.036111 0.106481
1 0.511806 0.515278 0.069444 0.052778
9 0.328125 0.698148 0.050694 0.033333
5 0.800694 0.661111 0.058333 0.025926
8 0.737500 0.544907 0.155556 0.197222
6 0.827431 0.462037 0.049306 0.037037
6 0.530903 0.439352 0.027083 0.086111
6 0.429167 0.489352 0.083333 0.093519
6 0.369792 0.676389 0.032639 0.071296
3 0.856250 0.396296 0.055556 0.066667
4 0.804167 0.395370 0.048611 0.062963
3 0.634375 0.398611 0.034028 0.041667
2 0.612500 0.530556 0.088889 0.192593
7 0.501736 0.619907 0.132639 0.130556
