0 0.738889 0.558333 0.059722 0.148148
1 0.619792 0.674074 0.097917 0.057407
1 0.647917 0.765741 0.051389 0.116667
3 0.196528 0.797222 0.086111 0.112963
3 0.469097 0.799537 0.045139 0.076852
4 0.268056 0.793981 0.086111 0.115741
6 0.230556 0.719907 0.073611 0.063889
6 0.590972 0.756944 0.041667 0.108333
6 0.713194 0.705093 0.101389 0.117593
6 0.778472 0.489352 0.043056 0.087963
5 0.268750 0.481019 0.076389 0.034259
8 0.351389 0.615741 0.183333 0.261111
2 0.501042 0.644907 0.118750 0.260185
7 0.632639 0.554167 0.162500 0.163889
9 0.822222 0.469907 0.058333 0.037963
