0 0.422917 0.593519 0.033333 0.075926
1 0.482292 0.512963 0.025694 0.057407
1 0.486458 0.554630 0.040972 0.033333
2 0.540625 0.583796 0.067361 0.121296
3 0.688194 0.550926 0.034722 0.042593
3 0.563542 0.513889 0.022917 0.029630
4 0.654861 0.543056 0.038889 0.041667
6 0.397569 0.617593 0.024306 0.046296
6 0.445486 0.526389 0.049306 0.060185
6 0.504861 0.518519 0.025000 0.055556
6 0.666319 0.582407 0.032639 0.029630
7 0.470833 0.609722 0.079167 0.087963
8 0.604167 0.614352 0.095833 0.119444
9 0.371528 0.616204 0.031944 0.036111
5 0.637153 0.688889 0.035417 0.020370
