3 0.932986 0.586111 0.082639 0.107407
3 0.719444 0.458796 0.063889 0.067593
4 0.872917 0.551389 0.077778 0.104630
6 0.894097 0.631481 0.082639 0.072222
6 0.615278 0.426389 0.070833 0.126852
6 0.508681 0.415741 0.092361 0.133333
6 0.392361 0.559259 0.061111 0.098148
7 0.534028 0.569444 0.165278 0.244444
8 0.764583 0.657870 0.201389 0.252778
5 0.801736 0.809259 0.095139 0.055556
2 0.665625 0.568519 0.142361 0.266667
1 0.575694 0.490741 0.104167 0.098148
1 0.579514 0.402315 0.084028 0.119444
9 0.345139 0.553704 0.072222 0.094444
0 0.449653 0.522685 0.090972 0.195370
