6 0.577778 0.221759 0.037500 0.023148
6 0.651042 0.320370 0.057639 0.053704
6 0.633681 0.405556 0.053472 0.064815
6 0.470833 0.642593 0.044444 0.094444
3 0.498611 0.695370 0.045833 0.120370
3 0.611806 0.506944 0.033333 0.078704
4 0.530903 0.640741 0.046528 0.094444
5 0.372569 0.538426 0.042361 0.047222
8 0.469792 0.491667 0.150694 0.188889
2 0.545486 0.422222 0.125694 0.146296
1 0.605556 0.344907 0.037500 0.065741
1 0.656250 0.354630 0.056944 0.055556
7 0.551736 0.311111 0.092361 0.112963
0 0.595833 0.252778 0.070833 0.053704
