3 0.738194 0.926852 0.056944 0.077778
3 0.702431 0.660648 0.045139 0.049074
4 0.725347 0.853241 0.059028 0.073148
9 0.477778 0.352315 0.036111 0.062037
5 0.553125 0.902778 0.035417 0.081481
6 0.620833 0.434722 0.081944 0.104630
6 0.492708 0.395370 0.061806 0.050000
6 0.695139 0.907407 0.037500 0.068519
6 0.665972 0.544907 0.075000 0.050926
7 0.542361 0.533333 0.130556 0.162963
0 0.540972 0.426389 0.094444 0.054630
2 0.607986 0.647685 0.168750 0.136111
1 0.617708 0.522222 0.042361 0.096296
1 0.660764 0.490741 0.078472 0.057407
8 0.615972 0.805093 0.166667 0.206481
