0 0.488542 0.622222 0.074306 0.048148
1 0.393056 0.536574 0.055556 0.037963
1 0.436111 0.516667 0.029167 0.070370
5 0.526389 0.233333 0.013889 0.053704
8 0.459375 0.297222 0.107639 0.150000
6 0.420139 0.198148 0.020833 0.050000
6 0.395833 0.492593 0.055556 0.038889
6 0.417361 0.600000 0.055556 0.083333
6 0.520139 0.663426 0.038889 0.034259
3 0.382292 0.163426 0.039583 0.052778
4 0.380556 0.219907 0.037500 0.049074
3 0.375000 0.389352 0.026389 0.032407
2 0.447222 0.415741 0.109722 0.096296
7 0.492361 0.531019 0.076389 0.128704
9 0.530903 0.706019 0.021528 0.049074
