2 0.497569 0.452315 0.085417 0.154630
8 0.399653 0.433796 0.129861 0.158333
3 0.272222 0.524074 0.054167 0.107407
7 0.594097 0.413426 0.102083 0.082407
4 0.325000 0.531481 0.054167 0.098148
0 0.664236 0.425926 0.038194 0.083333
9 0.723958 0.415741 0.039583 0.031481
6 0.654861 0.516667 0.070833 0.062963
1 0.587153 0.465741 0.061806 0.044444
6 0.692708 0.421296 0.025694 0.064815
1 0.605208 0.516667 0.032639 0.068519
3 0.475000 0.558796 0.030556 0.075000
5 0.336458 0.380093 0.022917 0.023148
6 0.306250 0.475000 0.051389 0.027778
6 0.567014 0.517130 0.028472 0.063889
