0 0.747569 0.646759 0.103472 0.176852
1 0.592708 0.677315 0.103472 0.100926
1 0.582639 0.787963 0.080556 0.140741
9 0.867361 0.617593 0.050000 0.062963
7 0.646181 0.562037 0.202083 0.229630
6 0.527431 0.741667 0.061806 0.120370
6 0.667361 0.770833 0.105556 0.139815
6 0.811806 0.606944 0.052778 0.091667
3 0.118056 0.516667 0.066667 0.096296
3 0.389931 0.708333 0.043750 0.059259
4 0.187153 0.567593 0.065972 0.092593
6 0.189236 0.466204 0.070139 0.078704
5 0.315972 0.264815 0.063889 0.057407
8 0.349306 0.439352 0.250000 0.313889
2 0.476389 0.569444 0.183333 0.281481
