8 0.423264 0.326852 0.140972 0.146296
2 0.491667 0.389352 0.113889 0.141667
1 0.557292 0.475000 0.049306 0.070370
7 0.599653 0.393056 0.113194 0.104630
3 0.286458 0.354630 0.045139 0.094444
6 0.613889 0.504167 0.072222 0.071296
4 0.324653 0.381944 0.049306 0.089815
6 0.701736 0.444444 0.034028 0.062963
3 0.434375 0.461111 0.031250 0.075926
1 0.561458 0.426389 0.057639 0.049074
0 0.662500 0.434259 0.052778 0.087037
9 0.736458 0.459722 0.042361 0.050926
6 0.523611 0.463426 0.041667 0.060185
6 0.326042 0.334722 0.043750 0.039815
