9 0.750694 0.421296 0.041667 0.042593
6 0.711111 0.401852 0.051389 0.077778
6 0.561806 0.425463 0.090278 0.086111
6 0.467708 0.344444 0.056250 0.051852
6 0.333333 0.156019 0.033333 0.043519
3 0.284722 0.139815 0.045833 0.046296
3 0.385069 0.295370 0.029861 0.055556
4 0.305903 0.187963 0.046528 0.070370
8 0.428819 0.162963 0.156250 0.127778
2 0.476736 0.250000 0.147917 0.111111
1 0.497917 0.366204 0.066667 0.065741
1 0.529167 0.320370 0.062500 0.077778
7 0.596181 0.294907 0.140972 0.126852
0 0.653125 0.369444 0.089583 0.092593
