0 0.484375 0.617130 0.089583 0.095370
1 0.438194 0.453704 0.063889 0.079630
1 0.489236 0.469907 0.056250 0.084259
5 0.711458 0.289352 0.032639 0.037963
8 0.624306 0.297222 0.155556 0.220370
6 0.626389 0.159722 0.037500 0.056481
6 0.460764 0.413426 0.060417 0.067593
6 0.428472 0.534722 0.072222 0.099074
6 0.493403 0.681481 0.049306 0.061111
9 0.480208 0.734722 0.040972 0.060185
3 0.611111 0.097222 0.043056 0.059259
4 0.582292 0.148148 0.040972 0.051852
3 0.493056 0.299074 0.026389 0.037037
2 0.548264 0.393056 0.136806 0.169444
7 0.535069 0.536574 0.127083 0.173148
