0 0.420833 0.597222 0.068056 0.155556
1 0.482639 0.385185 0.052778 0.116667
1 0.518403 0.456944 0.084028 0.073148
5 0.849653 0.543056 0.061806 0.025000
9 0.342014 0.706944 0.061806 0.036111
6 0.846181 0.328704 0.056250 0.050000
6 0.526042 0.373611 0.045139 0.099074
6 0.421528 0.448611 0.095833 0.108333
6 0.383333 0.670833 0.040278 0.080556
3 0.875694 0.246296 0.054167 0.077778
4 0.816319 0.257870 0.053472 0.069444
3 0.634028 0.300000 0.038889 0.042593
2 0.633333 0.456019 0.115278 0.226852
7 0.521181 0.572685 0.159028 0.167593
8 0.770833 0.443981 0.188889 0.221296
