9 0.372917 0.258796 0.031944 0.076852
6 0.403125 0.256481 0.042361 0.061111
6 0.510417 0.216204 0.066667 0.065741
6 0.586111 0.254167 0.051389 0.069444
6 0.755208 0.451389 0.054861 0.080556
4 0.761806 0.382870 0.056944 0.069444
5 0.659028 0.535648 0.047222 0.069444
3 0.659375 0.294907 0.029861 0.062037
3 0.804167 0.432870 0.059722 0.106481
8 0.659375 0.416667 0.165972 0.205556
2 0.593403 0.330093 0.129861 0.150926
1 0.563542 0.216667 0.053472 0.059259
1 0.543750 0.250000 0.054167 0.061111
7 0.497569 0.288889 0.124306 0.133333
0 0.451389 0.250463 0.069444 0.104630
