9 0.406250 0.500000 0.030556 0.046296
6 0.434375 0.486574 0.025694 0.065741
6 0.460764 0.389815 0.057639 0.050000
6 0.518403 0.359259 0.024306 0.035185
6 0.686458 0.374074 0.031250 0.042593
0 0.457639 0.457870 0.034722 0.110185
7 0.508681 0.455093 0.084028 0.108333
2 0.570833 0.401389 0.063889 0.112037
8 0.639236 0.410648 0.099306 0.112037
5 0.691667 0.463889 0.036111 0.029630
3 0.693056 0.339815 0.033333 0.050000
3 0.571181 0.341204 0.022917 0.019444
4 0.659722 0.338889 0.033333 0.040741
1 0.494097 0.358333 0.025694 0.042593
1 0.509722 0.383796 0.044444 0.030556
