6 0.543056 0.212963 0.029167 0.018519
6 0.607292 0.266204 0.038194 0.036111
6 0.605903 0.329630 0.040972 0.037037
6 0.529514 0.510648 0.025694 0.065741
3 0.557639 0.536574 0.034722 0.082407
3 0.605903 0.399537 0.020139 0.050926
4 0.569097 0.493519 0.032639 0.059259
5 0.446181 0.458333 0.022917 0.040741
8 0.509375 0.405556 0.102083 0.116667
2 0.549653 0.351852 0.085417 0.087037
7 0.542708 0.281019 0.060417 0.086111
1 0.581597 0.287500 0.024306 0.043519
1 0.617014 0.292593 0.040972 0.035185
0 0.562153 0.231019 0.052083 0.032407
