3 0.634375 0.219444 0.034028 0.066667
3 0.548958 0.338889 0.020139 0.061111
4 0.613194 0.249537 0.034722 0.060185
6 0.652778 0.249537 0.027778 0.034259
6 0.525000 0.387963 0.047222 0.055556
6 0.495833 0.477778 0.065278 0.077778
6 0.543750 0.583796 0.045833 0.054630
1 0.505208 0.408796 0.047917 0.054630
1 0.541667 0.427315 0.041667 0.060185
2 0.595486 0.377315 0.093750 0.119444
7 0.576736 0.471296 0.104861 0.127778
9 0.529167 0.624537 0.044444 0.052778
5 0.711806 0.335185 0.031944 0.044444
8 0.642361 0.324074 0.138889 0.159259
0 0.537847 0.524074 0.077083 0.083333
