3 0.307292 0.573148 0.054861 0.111111
2 0.515625 0.452315 0.081250 0.156481
4 0.362847 0.568056 0.052083 0.095370
8 0.417014 0.452315 0.135417 0.154630
7 0.595486 0.395833 0.106250 0.073148
1 0.630903 0.491667 0.042361 0.068519
0 0.662153 0.395833 0.043750 0.078704
1 0.602083 0.446759 0.055556 0.043519
6 0.592708 0.504630 0.031250 0.055556
5 0.336806 0.414352 0.030556 0.028704
6 0.679514 0.381944 0.028472 0.058333
6 0.669097 0.477315 0.070139 0.067593
6 0.330556 0.516204 0.052778 0.034259
9 0.705556 0.380093 0.034722 0.039815
3 0.509028 0.559722 0.031944 0.080556
