0 0.401042 0.534722 0.061806 0.110185
1 0.415278 0.381019 0.045833 0.078704
1 0.447222 0.423148 0.056944 0.062963
9 0.359722 0.624537 0.040278 0.037963
5 0.684375 0.413426 0.043750 0.028704
8 0.613542 0.363426 0.138194 0.171296
6 0.657639 0.262963 0.040278 0.038889
6 0.444444 0.367130 0.038889 0.063889
6 0.385069 0.439352 0.067361 0.080556
6 0.386806 0.594907 0.033333 0.058333
3 0.662847 0.205556 0.038194 0.051852
4 0.624653 0.225926 0.038194 0.048148
3 0.507639 0.294444 0.023611 0.029630
2 0.525347 0.398148 0.095139 0.159259
7 0.463194 0.498148 0.115278 0.131481
