9 0.350000 0.255093 0.040278 0.086111
6 0.386806 0.253241 0.045833 0.078704
6 0.508681 0.200000 0.078472 0.075926
6 0.601389 0.237963 0.059722 0.081481
6 0.815625 0.460185 0.065972 0.096296
4 0.819444 0.378704 0.062500 0.088889
5 0.715972 0.570370 0.055556 0.087037
3 0.866667 0.432407 0.072222 0.124074
3 0.685764 0.282870 0.040972 0.067593
8 0.702778 0.421759 0.195833 0.243519
2 0.615972 0.324537 0.148611 0.171296
7 0.498611 0.286574 0.143056 0.156481
0 0.442361 0.247222 0.084722 0.137037
1 0.570139 0.194444 0.061111 0.066667
1 0.553125 0.236111 0.064583 0.077778
