3 0.456944 0.187037 0.034722 0.061111
3 0.455903 0.355556 0.017361 0.057407
2 0.527083 0.356481 0.108333 0.075926
8 0.532639 0.270833 0.102778 0.113889
4 0.457292 0.229167 0.034028 0.063889
6 0.487500 0.212963 0.025000 0.040741
6 0.503125 0.514815 0.059028 0.070370
6 0.610764 0.568981 0.043750 0.039815
6 0.475347 0.418056 0.049306 0.034259
1 0.479167 0.447685 0.059722 0.037963
1 0.519444 0.428241 0.034722 0.065741
7 0.576389 0.443981 0.081944 0.115741
0 0.576389 0.529630 0.083333 0.075926
9 0.620486 0.612963 0.031250 0.057407
5 0.585764 0.235185 0.017361 0.038889
