3 0.699306 0.302778 0.033333 0.062963
3 0.573958 0.335648 0.025694 0.054630
4 0.667708 0.310648 0.035417 0.063889
8 0.652778 0.380556 0.109722 0.148148
5 0.711111 0.440741 0.040278 0.044444
6 0.700347 0.338426 0.038194 0.054630
6 0.522222 0.355556 0.036111 0.050000
6 0.464236 0.396296 0.061806 0.064815
6 0.449653 0.506944 0.031250 0.062037
7 0.520833 0.447222 0.095833 0.116667
0 0.464236 0.456019 0.046528 0.080556
9 0.421528 0.528704 0.041667 0.050000
1 0.497222 0.352778 0.034722 0.053704
1 0.519444 0.389815 0.047222 0.040741
2 0.580903 0.403241 0.065972 0.143519
