0 0.481250 0.394444 0.088889 0.072222
1 0.559722 0.495370 0.044444 0.087037
1 0.604514 0.460185 0.068750 0.050000
2 0.556250 0.622222 0.141667 0.112963
3 0.646875 0.625000 0.042361 0.050000
3 0.682639 0.900463 0.061111 0.075000
9 0.416667 0.312963 0.026389 0.064815
6 0.434722 0.358333 0.051389 0.048148
6 0.567708 0.401389 0.072917 0.110185
6 0.608333 0.514815 0.066667 0.051852
6 0.633333 0.874074 0.037500 0.062963
4 0.675694 0.825463 0.052778 0.078704
5 0.494097 0.872685 0.027083 0.078704
8 0.565972 0.771296 0.141667 0.205556
7 0.491319 0.500463 0.102083 0.169444
