9 0.588194 0.562500 0.018056 0.021296
6 0.584028 0.537037 0.037500 0.037037
6 0.516319 0.475000 0.047917 0.077778
6 0.515278 0.393519 0.041667 0.033333
6 0.572917 0.255556 0.020833 0.031481
7 0.581944 0.437500 0.070833 0.097222
0 0.566319 0.493519 0.059028 0.053704
5 0.641667 0.304630 0.016667 0.035185
2 0.567361 0.364815 0.086111 0.072222
8 0.592014 0.311111 0.088194 0.111111
3 0.553819 0.230093 0.028472 0.041667
4 0.545833 0.262963 0.030556 0.051852
3 0.518750 0.350463 0.022222 0.049074
1 0.510069 0.415741 0.043750 0.038889
1 0.543056 0.412963 0.027778 0.046296
