3 0.616319 0.658333 0.057639 0.107407
3 0.640972 0.450000 0.034722 0.077778
4 0.625347 0.578241 0.049306 0.058333
6 0.570833 0.624537 0.044444 0.095370
6 0.612153 0.274537 0.056250 0.056481
6 0.627778 0.356019 0.054167 0.063889
6 0.520486 0.213889 0.045139 0.031481
0 0.546181 0.229630 0.072917 0.037037
9 0.516667 0.192593 0.026389 0.029630
1 0.633333 0.298148 0.056944 0.040741
1 0.588542 0.302315 0.031250 0.056481
7 0.530556 0.299537 0.090278 0.119444
8 0.528472 0.488426 0.148611 0.182407
5 0.440625 0.576389 0.027083 0.063889
2 0.558333 0.390741 0.133333 0.112963
