0 0.422569 0.526389 0.070139 0.110185
1 0.419792 0.366204 0.050694 0.080556
1 0.456944 0.403704 0.059722 0.068519
9 0.390625 0.627778 0.043750 0.046296
5 0.698264 0.343981 0.042361 0.030556
8 0.621528 0.312500 0.147222 0.193519
6 0.653125 0.201852 0.038194 0.044444
6 0.448958 0.346759 0.046528 0.073148
6 0.394792 0.434259 0.068750 0.085185
6 0.413542 0.589815 0.038194 0.055556
3 0.651042 0.139352 0.039583 0.054630
4 0.614931 0.168519 0.039583 0.046296
3 0.505208 0.260648 0.025694 0.028704
2 0.530903 0.362963 0.109028 0.155556
7 0.481944 0.477315 0.120833 0.149074
