9 0.379861 0.465278 0.047222 0.075000
6 0.419444 0.444444 0.038889 0.109259
6 0.453472 0.315278 0.077778 0.089815
6 0.531250 0.255556 0.041667 0.046296
6 0.769444 0.267593 0.038889 0.059259
3 0.605208 0.229630 0.028472 0.024074
3 0.772222 0.214352 0.045833 0.063889
4 0.728125 0.215741 0.049306 0.053704
2 0.607986 0.309722 0.096528 0.160185
8 0.710764 0.316667 0.154861 0.174074
5 0.792014 0.382407 0.047917 0.042593
1 0.496528 0.255093 0.038889 0.062037
1 0.527431 0.293056 0.074306 0.056481
0 0.451389 0.394444 0.056944 0.155556
7 0.530556 0.387037 0.126389 0.159259
