6 0.277431 0.475000 0.042361 0.038889
6 0.497222 0.622685 0.036111 0.080556
6 0.586806 0.634259 0.070833 0.088889
6 0.669792 0.520370 0.032639 0.070370
9 0.704167 0.525926 0.047222 0.038889
1 0.532292 0.571759 0.060417 0.049074
1 0.531597 0.639815 0.043750 0.081481
0 0.629167 0.547685 0.052778 0.108333
7 0.563889 0.504630 0.120833 0.137037
2 0.459722 0.523611 0.106944 0.178704
3 0.235764 0.511574 0.042361 0.054630
3 0.413542 0.608796 0.031250 0.036111
4 0.280556 0.535648 0.043056 0.052778
8 0.372917 0.445370 0.147222 0.185185
5 0.342708 0.342130 0.040972 0.036111
