3 0.806944 0.855556 0.072222 0.101852
3 0.726042 0.608333 0.054861 0.055556
4 0.779861 0.793056 0.075000 0.086111
5 0.617708 0.886574 0.045139 0.082407
9 0.449306 0.378241 0.050000 0.078704
6 0.476042 0.415741 0.060417 0.059259
6 0.603125 0.418056 0.077083 0.110185
6 0.760764 0.855556 0.045139 0.074074
6 0.668403 0.500926 0.075694 0.075926
7 0.552083 0.533333 0.130556 0.159259
0 0.523958 0.434722 0.124306 0.095370
1 0.658681 0.458333 0.082639 0.081481
1 0.620833 0.506944 0.062500 0.100926
2 0.631597 0.617130 0.161806 0.191667
8 0.666319 0.765278 0.168750 0.232407
