3 0.304514 0.718981 0.045139 0.065741
3 0.490972 0.650463 0.029167 0.037963
4 0.352778 0.703704 0.044444 0.053704
6 0.318056 0.656019 0.045833 0.037963
6 0.563889 0.588889 0.033333 0.075926
6 0.636111 0.523148 0.068056 0.081481
6 0.647917 0.368056 0.034722 0.056481
5 0.309375 0.494444 0.050694 0.022222
8 0.385069 0.554630 0.143750 0.181481
2 0.487500 0.536111 0.086111 0.161111
1 0.570486 0.520833 0.061806 0.050926
1 0.600000 0.574074 0.043056 0.072222
7 0.559375 0.440278 0.117361 0.123148
0 0.632292 0.419444 0.050694 0.101852
9 0.676042 0.343981 0.040972 0.034259
