0 0.596528 0.625463 0.081944 0.089815
1 0.510417 0.580556 0.055556 0.074074
1 0.486111 0.630556 0.056944 0.068519
5 0.455556 0.274074 0.020833 0.046296
8 0.438194 0.378241 0.140278 0.187963
6 0.352083 0.336111 0.037500 0.053704
6 0.467014 0.592593 0.046528 0.057407
6 0.531944 0.662037 0.062500 0.090741
6 0.639583 0.633333 0.038889 0.048148
9 0.668056 0.661111 0.031944 0.050000
7 0.562500 0.546296 0.106944 0.144444
2 0.475694 0.488889 0.120833 0.137037
3 0.404514 0.526389 0.027083 0.028704
3 0.309722 0.335648 0.038889 0.050926
4 0.332639 0.382870 0.043056 0.047222
