0 0.430556 0.626852 0.051389 0.140741
1 0.512847 0.442130 0.040972 0.104630
1 0.536806 0.515278 0.076389 0.056481
9 0.343056 0.710185 0.059722 0.035185
5 0.845833 0.667130 0.055556 0.025000
8 0.776042 0.550463 0.171528 0.213889
6 0.867361 0.456944 0.050000 0.036111
6 0.560069 0.437963 0.036806 0.085185
6 0.448611 0.488426 0.088889 0.100926
6 0.385764 0.689352 0.034028 0.078704
3 0.901389 0.385648 0.052778 0.065741
4 0.842708 0.388889 0.052083 0.068519
3 0.665972 0.390741 0.033333 0.046296
2 0.647917 0.532870 0.091667 0.210185
7 0.528819 0.625926 0.143750 0.144444
