8 0.516319 0.501389 0.138194 0.171296
2 0.567361 0.435648 0.112500 0.113889
3 0.570833 0.668056 0.054167 0.110185
6 0.636458 0.416667 0.050694 0.055556
3 0.634028 0.498611 0.025000 0.067593
6 0.536111 0.628704 0.036111 0.081481
7 0.555556 0.345370 0.076389 0.094444
1 0.648611 0.372222 0.052778 0.046296
5 0.429861 0.557407 0.043056 0.064815
6 0.558681 0.279167 0.034028 0.028704
6 0.636111 0.342130 0.054167 0.041667
9 0.563889 0.262500 0.020833 0.019444
4 0.593056 0.619444 0.045833 0.098148
1 0.606597 0.375000 0.034028 0.075926
0 0.582986 0.300463 0.067361 0.054630
