9 0.500347 0.293519 0.018750 0.037037
6 0.504861 0.318519 0.036111 0.038889
6 0.581597 0.372685 0.050694 0.060185
6 0.596181 0.450926 0.046528 0.046296
6 0.554861 0.690741 0.030556 0.072222
7 0.517014 0.402778 0.075694 0.112963
0 0.527778 0.337963 0.063889 0.040741
1 0.601736 0.404630 0.047917 0.040741
1 0.563889 0.415741 0.027778 0.064815
2 0.545486 0.490741 0.109028 0.087037
3 0.607986 0.539352 0.028472 0.067593
3 0.588194 0.722685 0.050000 0.086111
4 0.592014 0.666667 0.049306 0.062963
5 0.453472 0.659259 0.025000 0.064815
8 0.520139 0.580093 0.115278 0.154630
