3 0.561111 0.918056 0.058333 0.084259
3 0.648611 0.686111 0.043056 0.048148
4 0.581944 0.852778 0.059722 0.092593
9 0.601389 0.277778 0.034722 0.051852
5 0.428819 0.761111 0.034028 0.074074
8 0.521528 0.724537 0.151389 0.221296
2 0.582292 0.611111 0.139583 0.164815
7 0.578472 0.466204 0.115278 0.176852
0 0.618056 0.379167 0.087500 0.086111
6 0.597569 0.323611 0.059028 0.054630
6 0.675347 0.447685 0.070139 0.115741
6 0.665625 0.565741 0.059028 0.075926
6 0.533681 0.868981 0.045139 0.082407
1 0.685417 0.523148 0.065278 0.075926
1 0.637847 0.516204 0.047917 0.091667
