9 0.414583 0.529630 0.040278 0.046296
6 0.450694 0.507870 0.033333 0.082407
6 0.477778 0.390278 0.062500 0.039815
6 0.540278 0.346296 0.013889 0.037037
6 0.761458 0.352315 0.015972 0.036111
3 0.756597 0.307870 0.039583 0.037963
3 0.611111 0.325926 0.023611 0.012963
4 0.720486 0.315741 0.035417 0.040741
1 0.514931 0.343519 0.034028 0.042593
1 0.539931 0.380556 0.050694 0.033333
0 0.476389 0.447222 0.043056 0.075926
7 0.549653 0.441667 0.100694 0.061111
2 0.615625 0.393056 0.078472 0.100926
8 0.704514 0.392130 0.120139 0.115741
5 0.778819 0.463889 0.031250 0.031481
