0 0.594792 0.378241 0.070139 0.093519
1 0.577778 0.499074 0.054167 0.075926
1 0.617708 0.526389 0.056250 0.076852
2 0.510417 0.559259 0.118056 0.166667
3 0.550694 0.649537 0.031944 0.039815
3 0.419792 0.811111 0.046528 0.072222
9 0.604167 0.282407 0.043056 0.050000
7 0.542014 0.437500 0.120139 0.156481
6 0.592014 0.319907 0.039583 0.056481
6 0.630556 0.461111 0.068056 0.088889
6 0.590972 0.556481 0.045833 0.066667
6 0.409375 0.752778 0.040972 0.055556
8 0.432292 0.630093 0.146528 0.197222
4 0.454167 0.764352 0.043056 0.071296
5 0.345833 0.617130 0.040278 0.043519
