3 0.472917 0.694907 0.062500 0.117593
3 0.611458 0.562037 0.040972 0.079630
4 0.513542 0.656481 0.047917 0.101852
6 0.459722 0.650463 0.051389 0.086111
6 0.650000 0.477778 0.050000 0.070370
6 0.682292 0.414352 0.067361 0.063889
5 0.389583 0.534259 0.040278 0.042593
8 0.487153 0.514815 0.163194 0.183333
2 0.569792 0.483796 0.125694 0.173148
1 0.678125 0.448148 0.059028 0.074074
1 0.632292 0.428241 0.052083 0.078704
7 0.592708 0.390741 0.117361 0.118519
0 0.638542 0.346296 0.068750 0.068519
6 0.629514 0.322685 0.036806 0.032407
9 0.645139 0.310648 0.022222 0.032407
