3 0.701042 0.322685 0.036806 0.062037
3 0.575000 0.343981 0.023611 0.037963
4 0.665625 0.330556 0.035417 0.064815
8 0.646528 0.400000 0.111111 0.153704
5 0.704167 0.468056 0.034722 0.047222
6 0.700000 0.358333 0.037500 0.044444
6 0.518403 0.363426 0.031250 0.054630
6 0.460764 0.401852 0.064583 0.061111
6 0.437500 0.504167 0.023611 0.062037
9 0.410764 0.531481 0.034028 0.051852
7 0.519097 0.459722 0.095139 0.112037
1 0.495486 0.361111 0.035417 0.053704
1 0.513542 0.393056 0.047917 0.050926
0 0.456597 0.455093 0.042361 0.089815
2 0.576389 0.409722 0.072222 0.136111
