9 0.679861 0.301389 0.027778 0.023148
6 0.656944 0.305556 0.020833 0.044444
6 0.634028 0.384722 0.052778 0.049074
6 0.566667 0.395833 0.022222 0.043519
6 0.363542 0.384722 0.035417 0.017593
3 0.343056 0.428241 0.037500 0.082407
3 0.499653 0.433796 0.025694 0.058333
4 0.383681 0.426852 0.038194 0.074074
8 0.432639 0.342130 0.100000 0.113889
2 0.510069 0.353241 0.054861 0.119444
1 0.580556 0.352315 0.047222 0.028704
1 0.597222 0.389815 0.027778 0.055556
7 0.580556 0.311111 0.083333 0.061111
0 0.636111 0.317130 0.030556 0.065741
