9 0.398611 0.444444 0.031944 0.048148
6 0.428125 0.433333 0.022917 0.068519
6 0.462153 0.330556 0.060417 0.046296
6 0.527083 0.305556 0.029167 0.035185
6 0.711111 0.329630 0.031944 0.033333
0 0.455556 0.403704 0.031944 0.118519
7 0.512153 0.406481 0.089583 0.118519
2 0.583333 0.347222 0.061111 0.109259
8 0.659375 0.368519 0.106250 0.118519
5 0.712153 0.427315 0.039583 0.032407
3 0.719444 0.301389 0.038889 0.060185
3 0.587500 0.290741 0.022222 0.022222
4 0.685417 0.292130 0.038889 0.039815
1 0.502431 0.298148 0.025694 0.042593
1 0.516319 0.330556 0.049306 0.029630
