6 0.498958 0.314815 0.052083 0.061111
6 0.487153 0.227315 0.036806 0.021296
1 0.483333 0.255093 0.047222 0.039815
1 0.524306 0.249074 0.026389 0.057407
0 0.568403 0.321759 0.071528 0.050926
6 0.598958 0.356019 0.039583 0.017593
7 0.575694 0.267130 0.072222 0.086111
3 0.477431 0.195833 0.021528 0.047222
2 0.541319 0.198611 0.102083 0.056481
5 0.612500 0.152778 0.008333 0.031481
4 0.495486 0.118981 0.031250 0.050926
3 0.500000 0.081481 0.030556 0.025926
8 0.556944 0.143519 0.093056 0.075926
6 0.524306 0.113889 0.020833 0.025926
