4 0.330903 0.435648 0.049306 0.089815
8 0.419097 0.366204 0.136806 0.156481
2 0.501042 0.411574 0.099306 0.150926
3 0.285069 0.413426 0.047917 0.097222
3 0.457292 0.494907 0.031250 0.076852
7 0.605556 0.394444 0.104167 0.096296
6 0.638889 0.507407 0.073611 0.066667
1 0.585069 0.489352 0.040972 0.067593
0 0.672569 0.429167 0.045139 0.084259
6 0.548611 0.486574 0.033333 0.054630
6 0.706597 0.430556 0.031250 0.061111
9 0.740278 0.442130 0.041667 0.049074
1 0.580556 0.440278 0.062500 0.049074
6 0.325694 0.379630 0.043056 0.038889
