3 0.494444 0.871296 0.052778 0.083333
3 0.617014 0.675463 0.040972 0.054630
4 0.526389 0.816667 0.054167 0.081481
9 0.637847 0.276389 0.042361 0.047222
5 0.396181 0.678241 0.038194 0.056481
0 0.639236 0.375463 0.077083 0.089815
7 0.588194 0.449537 0.127778 0.171296
6 0.624653 0.317593 0.053472 0.051852
6 0.684375 0.460185 0.072917 0.105556
6 0.654167 0.567593 0.055556 0.074074
6 0.479514 0.810648 0.046528 0.071296
8 0.489583 0.676389 0.159722 0.221296
2 0.563889 0.589352 0.137500 0.180556
1 0.680556 0.533333 0.062500 0.083333
1 0.634028 0.507407 0.051389 0.088889
