3 0.267014 0.293519 0.042361 0.075926
3 0.375000 0.426852 0.025000 0.064815
4 0.295833 0.325926 0.050000 0.077778
1 0.485069 0.428241 0.060417 0.060185
1 0.464931 0.481019 0.061806 0.069444
0 0.577431 0.458796 0.070139 0.093519
7 0.530903 0.401852 0.114583 0.129630
8 0.388889 0.292593 0.136111 0.161111
9 0.652083 0.496759 0.040278 0.067593
2 0.442014 0.362037 0.113194 0.124074
6 0.444792 0.464815 0.050694 0.059259
6 0.520139 0.510648 0.063889 0.078704
6 0.622569 0.467593 0.038194 0.055556
6 0.307986 0.287500 0.038194 0.056481
