5 0.334375 0.588426 0.052083 0.021296
6 0.355903 0.750000 0.043750 0.042593
3 0.348264 0.815741 0.043750 0.062963
4 0.395139 0.795370 0.044444 0.062963
6 0.661806 0.582870 0.070833 0.086111
8 0.415972 0.642593 0.145833 0.187037
7 0.582292 0.509259 0.118750 0.135185
2 0.514931 0.615741 0.097917 0.166667
3 0.527778 0.725463 0.026389 0.032407
6 0.594097 0.654167 0.039583 0.073148
1 0.598264 0.587500 0.057639 0.056481
1 0.631597 0.637037 0.043750 0.083333
0 0.651736 0.478241 0.059028 0.100926
6 0.661111 0.422685 0.034722 0.056481
9 0.690625 0.396759 0.038194 0.037963
