0 0.594444 0.489815 0.043056 0.072222
1 0.528472 0.506481 0.043056 0.042593
1 0.527431 0.550000 0.032639 0.057407
3 0.330903 0.454630 0.029861 0.038889
4 0.358681 0.472685 0.029861 0.037963
3 0.446875 0.525926 0.018750 0.024074
6 0.357292 0.432407 0.031250 0.031481
6 0.504861 0.537963 0.025000 0.051852
6 0.564583 0.547685 0.044444 0.056481
6 0.624653 0.474074 0.022917 0.040741
8 0.424653 0.416204 0.100694 0.130556
5 0.404167 0.340741 0.027778 0.025926
2 0.481250 0.467130 0.073611 0.119444
7 0.551736 0.459259 0.081250 0.098148
9 0.649306 0.478241 0.025000 0.026852
