9 0.451042 0.579630 0.040972 0.029630
6 0.479167 0.545370 0.038889 0.050000
6 0.473958 0.432407 0.063194 0.038889
6 0.527431 0.375926 0.020139 0.033333
6 0.720139 0.326852 0.018056 0.022222
3 0.709028 0.286574 0.040278 0.034259
4 0.679167 0.305093 0.036111 0.032407
3 0.584375 0.335185 0.022917 0.014815
5 0.764931 0.428704 0.031250 0.025926
8 0.686111 0.373611 0.133333 0.076852
7 0.554167 0.468519 0.097222 0.090741
1 0.502778 0.377778 0.037500 0.042593
1 0.535764 0.402778 0.046528 0.033333
2 0.601042 0.395370 0.081250 0.098148
0 0.494097 0.489815 0.056250 0.079630
