0 0.480208 0.636111 0.090972 0.094444
1 0.414931 0.486111 0.064583 0.070370
1 0.465278 0.492593 0.051389 0.087037
5 0.660069 0.266204 0.027083 0.056481
8 0.577431 0.289352 0.140972 0.210185
6 0.563194 0.157407 0.034722 0.051852
6 0.429861 0.442130 0.063889 0.056481
6 0.414583 0.566204 0.069444 0.093519
6 0.495833 0.693981 0.048611 0.052778
9 0.489931 0.747685 0.035417 0.054630
3 0.540625 0.099074 0.045139 0.057407
4 0.517014 0.151852 0.043750 0.051852
3 0.449653 0.321759 0.029861 0.034259
2 0.515278 0.401389 0.138889 0.162037
7 0.516667 0.544444 0.116667 0.168519
