9 0.502778 0.563889 0.040278 0.064815
6 0.526042 0.521759 0.050694 0.086111
6 0.492014 0.392130 0.082639 0.102778
6 0.544097 0.310648 0.047917 0.063889
0 0.531597 0.464352 0.077083 0.141667
7 0.589931 0.433333 0.127083 0.188889
2 0.626736 0.327315 0.124306 0.160185
8 0.701042 0.288889 0.140972 0.174074
5 0.778472 0.322222 0.037500 0.055556
3 0.702778 0.177778 0.038889 0.068519
4 0.672222 0.198148 0.043056 0.064815
3 0.584375 0.260185 0.031250 0.051852
1 0.515278 0.330556 0.058333 0.090741
1 0.558681 0.346759 0.057639 0.073148
