0 0.624653 0.413426 0.071528 0.104630
1 0.594444 0.539815 0.062500 0.074074
1 0.635417 0.575463 0.054167 0.084259
2 0.517708 0.593981 0.124306 0.191667
3 0.548611 0.696759 0.037500 0.049074
3 0.396875 0.852778 0.046528 0.074074
9 0.643056 0.313889 0.045833 0.048148
7 0.560764 0.467593 0.129861 0.164815
6 0.623611 0.350000 0.040278 0.059259
6 0.652083 0.508333 0.077778 0.098148
6 0.602778 0.602778 0.045833 0.070370
6 0.390972 0.788426 0.045833 0.058333
8 0.425694 0.657407 0.158333 0.209259
5 0.334028 0.631019 0.047222 0.047222
4 0.436806 0.805556 0.045833 0.085185
