6 0.660069 0.528704 0.027083 0.068519
6 0.590278 0.655093 0.066667 0.084259
6 0.499306 0.662037 0.034722 0.079630
6 0.269444 0.553704 0.044444 0.044444
3 0.232639 0.598148 0.038889 0.057407
3 0.417361 0.662963 0.027778 0.038889
4 0.278125 0.613889 0.040972 0.055556
5 0.323264 0.412037 0.042361 0.031481
8 0.363542 0.512500 0.139583 0.173148
2 0.452778 0.562963 0.102778 0.164815
7 0.553472 0.534259 0.115278 0.124074
0 0.624653 0.560648 0.039583 0.113889
1 0.531597 0.606944 0.061806 0.052778
1 0.536458 0.675926 0.038194 0.077778
9 0.697222 0.526852 0.037500 0.038889
