0 0.548264 0.324074 0.084028 0.083333
1 0.569097 0.459722 0.047917 0.082407
1 0.619097 0.464815 0.063194 0.066667
2 0.518403 0.558796 0.143750 0.158333
3 0.585764 0.628704 0.040972 0.050000
3 0.508333 0.874074 0.052778 0.068519
9 0.528819 0.219907 0.036806 0.058333
6 0.525000 0.268981 0.047222 0.050926
6 0.609722 0.389352 0.073611 0.097222
6 0.600694 0.509259 0.059722 0.059259
6 0.478125 0.817130 0.042361 0.071296
4 0.528819 0.802315 0.050694 0.082407
5 0.368750 0.714352 0.034722 0.067593
8 0.462153 0.677778 0.149306 0.211111
7 0.513194 0.415278 0.116667 0.173148
