0 0.493750 0.593519 0.087500 0.098148
1 0.619792 0.575926 0.067361 0.077778
1 0.596181 0.633333 0.060417 0.085185
2 0.637500 0.736574 0.134722 0.162037
3 0.827083 0.887037 0.061111 0.070370
3 0.707986 0.681481 0.042361 0.046296
4 0.795139 0.831944 0.059722 0.075000
5 0.666667 0.971759 0.034722 0.056481
7 0.537847 0.678241 0.127083 0.180556
8 0.689931 0.861111 0.170139 0.220370
9 0.411458 0.557407 0.038194 0.057407
6 0.444792 0.587500 0.045139 0.060185
6 0.563194 0.543519 0.075000 0.103704
6 0.638194 0.611574 0.058333 0.073148
6 0.780556 0.896759 0.041667 0.062037
