0 0.613194 0.352778 0.100000 0.120370
1 0.599306 0.516667 0.072222 0.096296
1 0.653125 0.548611 0.072917 0.097222
2 0.512847 0.604167 0.159028 0.217593
3 0.570139 0.719444 0.036111 0.051852
3 0.409028 0.943519 0.061111 0.087037
9 0.622222 0.228241 0.051389 0.063889
7 0.548264 0.436574 0.157639 0.206481
6 0.605208 0.278704 0.054861 0.070370
6 0.663889 0.459259 0.083333 0.112963
6 0.618056 0.587037 0.062500 0.083333
6 0.389931 0.867130 0.050694 0.073148
5 0.299306 0.694444 0.051389 0.068519
4 0.448958 0.874537 0.057639 0.108333
8 0.411111 0.705556 0.197222 0.272222
