0 0.467014 0.435648 0.065972 0.065741
1 0.564583 0.456944 0.054167 0.054630
1 0.534722 0.490741 0.038889 0.064815
2 0.548611 0.581944 0.109722 0.106481
3 0.615625 0.567130 0.031250 0.032407
3 0.674653 0.755556 0.045139 0.053704
4 0.656944 0.705093 0.045833 0.058333
5 0.537500 0.777315 0.019444 0.058333
9 0.411458 0.388889 0.022917 0.048148
6 0.430556 0.419907 0.037500 0.047222
6 0.528819 0.419444 0.057639 0.081481
6 0.573611 0.492130 0.047222 0.045370
6 0.637500 0.747685 0.029167 0.050926
7 0.486806 0.507870 0.088889 0.130556
8 0.572222 0.687963 0.116667 0.166667
