0 0.621181 0.465741 0.036806 0.079630
1 0.565625 0.530556 0.043750 0.038889
1 0.580903 0.575000 0.031250 0.059259
2 0.501736 0.526852 0.060417 0.129630
3 0.354861 0.628704 0.037500 0.048148
3 0.493750 0.610648 0.027778 0.032407
9 0.663194 0.415278 0.033333 0.023148
7 0.568056 0.470833 0.083333 0.086111
6 0.639236 0.429630 0.024306 0.048148
6 0.615625 0.543981 0.057639 0.067593
6 0.554861 0.580093 0.022222 0.056481
6 0.368750 0.587963 0.036111 0.033333
8 0.428472 0.526852 0.101389 0.135185
5 0.373958 0.466667 0.040972 0.016667
4 0.392708 0.622685 0.038194 0.050926
