9 0.569444 0.657870 0.037500 0.050926
6 0.576389 0.608333 0.055556 0.068519
6 0.494444 0.487500 0.076389 0.115741
6 0.518403 0.377778 0.056250 0.066667
6 0.643403 0.203704 0.029861 0.029630
0 0.561806 0.542130 0.091667 0.119444
7 0.601736 0.475926 0.122917 0.183333
2 0.603125 0.354630 0.129861 0.131481
3 0.621181 0.169907 0.040972 0.054630
4 0.602083 0.209259 0.041667 0.070370
5 0.730556 0.298148 0.027778 0.048148
8 0.657986 0.293056 0.138194 0.176852
3 0.538542 0.312963 0.027083 0.070370
1 0.498264 0.405556 0.063194 0.079630
1 0.549653 0.404167 0.049306 0.067593
