3 0.477083 0.856019 0.052778 0.078704
3 0.604861 0.673148 0.043056 0.046296
4 0.507986 0.805093 0.057639 0.084259
5 0.390972 0.659722 0.045833 0.049074
9 0.651042 0.284259 0.036806 0.048148
8 0.480208 0.661111 0.152083 0.218519
2 0.562500 0.578704 0.131944 0.172222
6 0.646875 0.571296 0.053472 0.074074
6 0.462847 0.794907 0.045139 0.058333
6 0.685764 0.469444 0.067361 0.096296
6 0.635764 0.325463 0.046528 0.052778
7 0.588889 0.448611 0.126389 0.165741
0 0.643056 0.384259 0.084722 0.096296
1 0.675694 0.538889 0.059722 0.081481
1 0.627431 0.507407 0.054861 0.070370
