6 0.637500 0.487500 0.041667 0.036111
6 0.532986 0.440741 0.054861 0.044444
6 0.511806 0.364352 0.037500 0.012037
6 0.535069 0.230093 0.015972 0.025000
3 0.507639 0.203241 0.031944 0.030556
3 0.498958 0.327315 0.020139 0.050926
7 0.605208 0.384722 0.064583 0.078704
2 0.562847 0.321296 0.097917 0.050000
4 0.506944 0.242593 0.030556 0.048148
5 0.625347 0.257407 0.007639 0.020370
0 0.604514 0.447222 0.067361 0.044444
1 0.513194 0.389815 0.045833 0.038889
1 0.552778 0.378241 0.023611 0.062037
8 0.571875 0.261111 0.090972 0.074074
