3 0.517361 0.202315 0.031944 0.058333
3 0.487153 0.362963 0.024306 0.070370
4 0.511458 0.240741 0.036806 0.066667
8 0.552083 0.290741 0.133333 0.124074
6 0.541319 0.225000 0.024306 0.031481
6 0.500000 0.515278 0.059722 0.093519
6 0.587847 0.585648 0.050694 0.039815
6 0.489236 0.418056 0.052083 0.036111
1 0.482986 0.443981 0.052083 0.039815
1 0.524653 0.438426 0.034028 0.062037
7 0.575000 0.458796 0.083333 0.121296
9 0.589931 0.628241 0.036806 0.050926
0 0.560764 0.533796 0.072917 0.062037
2 0.547917 0.373148 0.108333 0.090741
5 0.627431 0.276852 0.027083 0.051852
