9 0.393750 0.668981 0.038889 0.028704
6 0.430556 0.648148 0.030556 0.059259
6 0.470833 0.495833 0.069444 0.078704
6 0.553819 0.455093 0.029861 0.073148
6 0.786111 0.458796 0.040278 0.032407
0 0.462847 0.600000 0.042361 0.112963
7 0.533681 0.593519 0.109028 0.111111
1 0.519444 0.454167 0.034722 0.076852
1 0.540625 0.510185 0.060417 0.042593
2 0.620139 0.524537 0.072222 0.160185
3 0.631250 0.417130 0.033333 0.037963
3 0.807986 0.402778 0.045139 0.051852
4 0.763542 0.407407 0.039583 0.051852
8 0.719097 0.529630 0.128472 0.159259
5 0.772569 0.614352 0.046528 0.023148
