6 0.576736 0.543519 0.042361 0.046296
6 0.511458 0.448148 0.050694 0.051852
6 0.534722 0.376852 0.034722 0.029630
6 0.653125 0.262500 0.015972 0.012037
3 0.632639 0.231944 0.031944 0.028704
4 0.615278 0.266667 0.029167 0.048148
3 0.557639 0.321296 0.020833 0.020370
2 0.602083 0.366204 0.094444 0.060185
8 0.659028 0.311111 0.111111 0.092593
5 0.723264 0.337963 0.015972 0.027778
1 0.562847 0.399537 0.046528 0.047222
1 0.517014 0.393981 0.047917 0.049074
0 0.565625 0.485185 0.064583 0.061111
7 0.601389 0.439815 0.088889 0.090741
