0 0.496181 0.409722 0.070139 0.052778
1 0.540625 0.510648 0.028472 0.069444
1 0.582292 0.497222 0.052083 0.042593
2 0.518750 0.608333 0.120833 0.105556
3 0.590278 0.640741 0.033333 0.042593
3 0.572917 0.868981 0.048611 0.062037
9 0.459028 0.327315 0.022222 0.050926
9 0.465625 0.369444 0.040972 0.037037
9 0.558681 0.437963 0.056250 0.087037
7 0.487500 0.493056 0.080556 0.130556
6 0.578125 0.540278 0.052083 0.045370
6 0.539583 0.835648 0.029167 0.052778
4 0.577083 0.807407 0.045833 0.070370
5 0.431944 0.793519 0.019444 0.064815
8 0.496875 0.726852 0.124306 0.161111
