2 0.510069 0.316667 0.114583 0.085185
8 0.484722 0.242130 0.127778 0.110185
7 0.598264 0.371296 0.107639 0.109259
0 0.630903 0.436574 0.079861 0.069444
1 0.538194 0.381481 0.048611 0.072222
4 0.385764 0.242593 0.036806 0.062963
6 0.551389 0.467593 0.070833 0.066667
6 0.678472 0.469444 0.045833 0.055556
6 0.488194 0.386111 0.045833 0.051852
6 0.406597 0.220833 0.027083 0.043519
3 0.371875 0.217593 0.038194 0.087037
3 0.431597 0.350463 0.028472 0.075000
1 0.504861 0.416204 0.061111 0.067593
9 0.708333 0.499537 0.031944 0.037963
