0 0.629167 0.739815 0.144444 0.151852
1 0.485764 0.626389 0.078472 0.137963
1 0.426389 0.706019 0.101389 0.113889
5 0.456597 0.064815 0.022917 0.068519
8 0.400694 0.228704 0.244444 0.338889
6 0.262847 0.129167 0.056250 0.087963
6 0.401389 0.626389 0.086111 0.093519
6 0.501736 0.772685 0.110417 0.156481
6 0.700694 0.762963 0.070833 0.079630
2 0.443403 0.449074 0.215972 0.229630
9 0.742708 0.821296 0.042361 0.085185
7 0.586806 0.586111 0.186111 0.261111
3 0.181944 0.105556 0.073611 0.092593
3 0.304167 0.482407 0.045833 0.055556
4 0.212847 0.201852 0.071528 0.088889
