5 0.319444 0.362963 0.041667 0.022222
8 0.387847 0.446759 0.128472 0.169444
6 0.307986 0.522685 0.045139 0.039815
3 0.287500 0.575926 0.047222 0.055556
4 0.336806 0.572222 0.048611 0.057407
3 0.474653 0.557407 0.027083 0.037037
2 0.486458 0.450926 0.068750 0.164815
7 0.572569 0.376852 0.107639 0.109259
6 0.553819 0.517593 0.027083 0.070370
1 0.570486 0.452778 0.056250 0.042593
1 0.592708 0.511574 0.031250 0.073148
6 0.634375 0.475463 0.065972 0.078704
6 0.669792 0.330556 0.028472 0.061111
0 0.647222 0.373611 0.041667 0.104630
9 0.702083 0.316204 0.030556 0.034259
