0 0.413542 0.558333 0.046528 0.109259
1 0.467014 0.411111 0.034028 0.081481
1 0.489236 0.467130 0.057639 0.050926
9 0.350347 0.632870 0.039583 0.028704
5 0.733333 0.556944 0.047222 0.017593
8 0.672917 0.472222 0.133333 0.161111
6 0.741319 0.396759 0.039583 0.034259
6 0.501736 0.407407 0.028472 0.072222
6 0.420833 0.452778 0.068056 0.079630
6 0.383681 0.610185 0.029861 0.059259
3 0.761458 0.336574 0.040972 0.052778
4 0.717708 0.343056 0.043750 0.049074
3 0.579514 0.361574 0.028472 0.032407
2 0.573264 0.471759 0.074306 0.156481
7 0.486111 0.550000 0.109722 0.114815
