3 0.675347 0.235648 0.034028 0.071296
3 0.570833 0.309722 0.025000 0.052778
4 0.648611 0.250926 0.034722 0.059259
6 0.485069 0.412963 0.065972 0.074074
6 0.529167 0.348148 0.040278 0.046296
6 0.686111 0.266204 0.030556 0.034259
6 0.506250 0.523148 0.043056 0.059259
9 0.485417 0.561574 0.041667 0.058333
5 0.725347 0.358333 0.027083 0.048148
8 0.663542 0.334722 0.120139 0.158333
2 0.600694 0.371759 0.102778 0.130556
1 0.507986 0.356481 0.040972 0.059259
1 0.539583 0.386574 0.050000 0.058333
0 0.513194 0.475463 0.062500 0.097222
7 0.557639 0.442593 0.109722 0.131481
