9 0.377083 0.493519 0.037500 0.018519
6 0.413194 0.477315 0.026389 0.041667
6 0.457292 0.379630 0.059028 0.033333
6 0.525000 0.351389 0.013889 0.028704
1 0.502778 0.345370 0.027778 0.048148
0 0.444097 0.456944 0.031250 0.121296
7 0.513542 0.436574 0.099306 0.063889
1 0.521181 0.377778 0.052083 0.024074
2 0.594792 0.402778 0.061806 0.112963
3 0.602431 0.337500 0.022917 0.019444
5 0.750347 0.499537 0.043750 0.036111
6 0.748611 0.386574 0.031944 0.034259
3 0.756250 0.344444 0.034722 0.044444
4 0.717014 0.343519 0.036806 0.038889
8 0.687500 0.414815 0.118056 0.114815
