0 0.585764 0.410648 0.059028 0.078704
1 0.568750 0.506481 0.045833 0.059259
1 0.600347 0.530556 0.043750 0.062963
2 0.514931 0.553241 0.099306 0.137963
3 0.540972 0.628241 0.027778 0.034259
3 0.432292 0.750926 0.038194 0.059259
9 0.597569 0.334722 0.034028 0.039815
7 0.542708 0.455093 0.100694 0.125000
6 0.584722 0.363889 0.031944 0.044444
6 0.612500 0.480093 0.054167 0.073148
6 0.577431 0.553241 0.036806 0.054630
6 0.425347 0.705556 0.034028 0.044444
5 0.375347 0.594444 0.035417 0.035185
8 0.447569 0.604167 0.121528 0.163889
4 0.459375 0.716204 0.036806 0.060185
