3 0.323958 0.673148 0.046528 0.088889
3 0.498958 0.640741 0.032639 0.064815
4 0.370833 0.661574 0.045833 0.084259
2 0.503819 0.537500 0.078472 0.180556
0 0.634722 0.460185 0.045833 0.098148
8 0.410417 0.539815 0.120833 0.162963
7 0.573264 0.472685 0.106250 0.110185
1 0.604861 0.576852 0.040278 0.083333
1 0.578819 0.526852 0.054861 0.055556
5 0.344792 0.494907 0.039583 0.030556
9 0.676389 0.428241 0.034722 0.062037
6 0.640278 0.549074 0.066667 0.081481
6 0.653819 0.433333 0.031250 0.070370
6 0.568056 0.589352 0.037500 0.082407
6 0.342014 0.619444 0.049306 0.050000
