6 0.543056 0.225926 0.027778 0.018519
6 0.611111 0.278704 0.041667 0.031481
6 0.615278 0.341667 0.040278 0.042593
6 0.552083 0.531944 0.027778 0.065741
3 0.581250 0.552778 0.037500 0.077778
3 0.618750 0.412037 0.020833 0.053704
4 0.591667 0.504167 0.034722 0.049074
5 0.462153 0.486111 0.024306 0.040741
8 0.527083 0.425463 0.100000 0.121296
2 0.560069 0.368056 0.092361 0.086111
1 0.587847 0.301389 0.022917 0.041667
1 0.622917 0.303704 0.038889 0.031481
7 0.545486 0.290278 0.060417 0.080556
0 0.563542 0.244907 0.054861 0.034259
