8 0.596181 0.546296 0.177083 0.212963
3 0.740278 0.603704 0.065278 0.105556
2 0.548958 0.456481 0.139583 0.127778
7 0.468056 0.393981 0.113889 0.132407
1 0.519444 0.362963 0.050000 0.062963
6 0.563194 0.380556 0.051389 0.061111
4 0.707986 0.554167 0.057639 0.091667
0 0.437847 0.342130 0.075694 0.080556
5 0.569792 0.666667 0.043750 0.075926
6 0.690625 0.609259 0.054861 0.087037
6 0.390625 0.341667 0.038194 0.057407
6 0.500347 0.327778 0.057639 0.051852
9 0.370139 0.336111 0.029167 0.066667
3 0.625000 0.443056 0.029167 0.063889
1 0.545486 0.343981 0.053472 0.054630
