3 0.701042 0.590741 0.063194 0.107407
3 0.653819 0.393981 0.043750 0.076852
4 0.691319 0.531944 0.050694 0.087963
8 0.578125 0.472222 0.145139 0.179630
5 0.512500 0.568056 0.029167 0.073148
7 0.519792 0.281019 0.088194 0.104630
2 0.574653 0.362500 0.136806 0.082407
0 0.516667 0.215741 0.072222 0.042593
9 0.464931 0.188889 0.021528 0.046296
1 0.617014 0.261111 0.057639 0.051852
1 0.576736 0.271759 0.035417 0.062037
6 0.581597 0.235648 0.053472 0.050926
6 0.475694 0.207407 0.044444 0.044444
6 0.653472 0.573611 0.037500 0.086111
6 0.621528 0.299074 0.061111 0.057407
