6 0.545486 0.571296 0.042361 0.044444
6 0.487500 0.462963 0.059722 0.050000
6 0.657639 0.283333 0.016667 0.018519
6 0.517361 0.390278 0.030556 0.026852
3 0.638542 0.249537 0.029861 0.034259
4 0.615972 0.280093 0.031944 0.039815
3 0.548611 0.335648 0.020833 0.019444
5 0.724653 0.363889 0.015972 0.022222
8 0.659375 0.337963 0.122917 0.074074
1 0.500347 0.406481 0.040972 0.046296
1 0.545139 0.410648 0.045833 0.028704
7 0.582639 0.459722 0.102778 0.076852
2 0.594097 0.385185 0.114583 0.085185
0 0.537847 0.506944 0.053472 0.063889
