3 0.634028 0.620370 0.059722 0.107407
8 0.523264 0.510648 0.139583 0.169444
7 0.478472 0.355093 0.086111 0.110185
1 0.531597 0.342130 0.032639 0.058333
3 0.601736 0.450000 0.029861 0.070370
6 0.590625 0.602778 0.039583 0.079630
1 0.568750 0.331944 0.050000 0.045370
5 0.461111 0.598611 0.025000 0.065741
6 0.443403 0.284722 0.038194 0.036111
6 0.541319 0.306944 0.049306 0.036111
6 0.569444 0.373148 0.050000 0.046296
9 0.435069 0.266667 0.017361 0.024074
2 0.527083 0.411111 0.113889 0.062963
0 0.476736 0.289815 0.064583 0.029630
4 0.627083 0.550000 0.050000 0.048148
