3 0.400000 0.674537 0.062500 0.117593
3 0.562500 0.563426 0.040278 0.084259
4 0.443056 0.643519 0.050000 0.101852
6 0.420833 0.623611 0.051389 0.071296
6 0.612847 0.487037 0.047917 0.070370
6 0.658333 0.431019 0.066667 0.067593
5 0.347222 0.509259 0.040278 0.042593
8 0.440278 0.505093 0.159722 0.182407
2 0.532639 0.480556 0.127778 0.174074
1 0.644444 0.459722 0.056944 0.073148
1 0.602083 0.434259 0.056944 0.068519
7 0.570486 0.398148 0.120139 0.124074
0 0.621875 0.358796 0.064583 0.073148
6 0.623611 0.333796 0.031944 0.039815
9 0.638194 0.332407 0.026389 0.046296
