9 0.394444 0.457407 0.033333 0.044444
6 0.423611 0.450463 0.026389 0.056481
6 0.473958 0.368981 0.053472 0.047222
6 0.537500 0.356481 0.022222 0.038889
6 0.707639 0.428704 0.033333 0.055556
5 0.687847 0.514815 0.038194 0.037037
4 0.690625 0.380093 0.038194 0.047222
3 0.724653 0.387037 0.038194 0.051852
3 0.597222 0.360648 0.022222 0.032407
8 0.646181 0.442130 0.095139 0.130556
2 0.576042 0.407407 0.063194 0.112963
7 0.504861 0.434259 0.087500 0.094444
0 0.453125 0.432407 0.034028 0.107407
1 0.512500 0.344444 0.027778 0.038889
1 0.519097 0.375000 0.043750 0.027778
