3 0.739931 0.945833 0.057639 0.073148
3 0.713889 0.672685 0.034722 0.041667
4 0.730903 0.871759 0.067361 0.073148
9 0.497222 0.352778 0.038889 0.057407
5 0.554514 0.904630 0.032639 0.085185
0 0.556250 0.433333 0.093056 0.055556
1 0.631944 0.534259 0.043056 0.092593
1 0.677778 0.506944 0.069444 0.047222
2 0.621528 0.657870 0.169444 0.112037
8 0.623958 0.808333 0.160417 0.196296
6 0.514236 0.397222 0.056250 0.050000
6 0.637153 0.443519 0.071528 0.098148
6 0.678472 0.554630 0.066667 0.064815
6 0.697917 0.921759 0.044444 0.086111
7 0.559722 0.532870 0.120833 0.156481
