2 0.509028 0.439352 0.091667 0.150926
3 0.285764 0.480093 0.053472 0.102778
4 0.335069 0.492130 0.052083 0.095370
8 0.419097 0.409259 0.134028 0.151852
6 0.659722 0.520833 0.070833 0.065741
7 0.609375 0.408333 0.103472 0.087037
0 0.680208 0.434259 0.038194 0.081481
1 0.607986 0.512037 0.034028 0.068519
3 0.478125 0.537500 0.031250 0.076852
1 0.595833 0.460185 0.058333 0.044444
6 0.570486 0.514352 0.031250 0.054630
6 0.710764 0.432407 0.028472 0.064815
6 0.322917 0.437500 0.045833 0.026852
5 0.363542 0.352778 0.020139 0.022222
9 0.740972 0.433796 0.040278 0.039815
