9 0.560417 0.690278 0.033333 0.056481
6 0.569444 0.641204 0.041667 0.041667
6 0.503819 0.512037 0.060417 0.081481
6 0.523264 0.401852 0.049306 0.062963
6 0.649653 0.175926 0.029861 0.042593
0 0.557639 0.576389 0.077778 0.082407
7 0.597569 0.502315 0.106250 0.149074
1 0.507639 0.436111 0.055556 0.053704
1 0.551389 0.448611 0.044444 0.067593
2 0.601042 0.376852 0.115972 0.142593
3 0.545486 0.303241 0.025694 0.036111
3 0.633333 0.122222 0.037500 0.044444
4 0.611111 0.168519 0.040278 0.046296
8 0.658681 0.285648 0.135417 0.182407
5 0.733681 0.275463 0.020139 0.043519
