0 0.419097 0.527315 0.068750 0.093519
1 0.404861 0.385648 0.050000 0.069444
1 0.440972 0.410648 0.051389 0.065741
9 0.399653 0.621759 0.035417 0.041667
5 0.649306 0.326852 0.034722 0.031481
8 0.578472 0.306481 0.131944 0.170370
6 0.599653 0.203704 0.036806 0.042593
6 0.428472 0.364815 0.043056 0.059259
6 0.386806 0.448148 0.061111 0.077778
6 0.415972 0.584259 0.037500 0.048148
3 0.594097 0.149537 0.035417 0.047222
4 0.562500 0.181481 0.037500 0.044444
3 0.471181 0.279630 0.021528 0.029630
2 0.502083 0.364815 0.101389 0.144444
7 0.467708 0.475463 0.106250 0.134259
