6 0.652778 0.491667 0.025000 0.059259
6 0.585764 0.624537 0.070139 0.082407
6 0.497569 0.639815 0.031250 0.079630
6 0.259375 0.549074 0.043750 0.038889
9 0.686458 0.488889 0.038194 0.037037
1 0.525694 0.581019 0.055556 0.045370
1 0.535417 0.646296 0.031944 0.077778
7 0.544792 0.504630 0.111806 0.122222
0 0.618056 0.526389 0.038889 0.100926
2 0.442361 0.543519 0.091667 0.170370
3 0.413194 0.647222 0.029167 0.033333
3 0.224306 0.596759 0.044444 0.062037
4 0.270833 0.607407 0.047222 0.061111
8 0.349653 0.499537 0.136806 0.173148
5 0.307639 0.400926 0.045833 0.025926
