6 0.268403 0.405556 0.043750 0.046296
6 0.466667 0.593056 0.038889 0.073148
6 0.555903 0.619907 0.065972 0.089815
6 0.650694 0.526852 0.033333 0.070370
9 0.684375 0.539352 0.040972 0.037963
0 0.605556 0.543056 0.058333 0.099074
1 0.506944 0.549537 0.056944 0.065741
1 0.497569 0.615278 0.047917 0.078704
7 0.545139 0.490278 0.118056 0.152778
2 0.442361 0.490741 0.119444 0.179630
3 0.383681 0.564815 0.029861 0.037037
3 0.223958 0.430556 0.043750 0.051852
4 0.264583 0.463889 0.045833 0.055556
8 0.365625 0.397222 0.149306 0.190741
5 0.349653 0.288889 0.032639 0.033333
