9 0.358681 0.477315 0.036806 0.050926
6 0.394444 0.455556 0.023611 0.044444
6 0.453125 0.366667 0.056250 0.033333
6 0.523611 0.347222 0.012500 0.024074
6 0.745833 0.419444 0.029167 0.050000
3 0.761806 0.369907 0.037500 0.049074
4 0.720486 0.360185 0.038194 0.040741
3 0.603819 0.343056 0.021528 0.015741
5 0.733681 0.522222 0.045139 0.035185
8 0.678125 0.421759 0.103472 0.100926
2 0.587153 0.404630 0.053472 0.114815
1 0.501042 0.335185 0.021528 0.044444
1 0.511806 0.370833 0.048611 0.028704
7 0.500000 0.428704 0.093056 0.079630
0 0.432292 0.441667 0.027083 0.127778
