9 0.484375 0.655556 0.038194 0.048148
6 0.504861 0.611574 0.040278 0.049074
6 0.471875 0.466667 0.068750 0.088889
6 0.515972 0.376389 0.044444 0.067593
6 0.693056 0.207870 0.034722 0.041667
0 0.509028 0.547222 0.066667 0.100000
7 0.561806 0.492130 0.118056 0.145370
1 0.531597 0.423148 0.052083 0.066667
1 0.491319 0.395370 0.049306 0.074074
2 0.596181 0.375463 0.106250 0.150926
3 0.560764 0.285185 0.024306 0.029630
3 0.686111 0.153241 0.038889 0.045370
4 0.656250 0.187037 0.043056 0.044444
8 0.674653 0.314352 0.142361 0.182407
5 0.746181 0.339352 0.034028 0.036111
