6 0.652778 0.470370 0.065278 0.081481
6 0.625347 0.360185 0.034028 0.051852
6 0.609028 0.534259 0.050000 0.072222
6 0.413194 0.674537 0.051389 0.060185
3 0.417708 0.727778 0.047917 0.088889
3 0.561111 0.613889 0.029167 0.059259
4 0.454514 0.693981 0.045139 0.076852
8 0.454514 0.560185 0.140972 0.177778
5 0.368056 0.555093 0.043056 0.039815
2 0.533333 0.518981 0.108333 0.167593
1 0.597917 0.475926 0.048611 0.072222
1 0.636111 0.505556 0.051389 0.072222
7 0.573611 0.428241 0.105556 0.123148
0 0.623264 0.392130 0.061806 0.082407
9 0.641319 0.345370 0.032639 0.059259
