0 0.386806 0.561574 0.054167 0.099074
1 0.475694 0.476389 0.040278 0.076852
1 0.476042 0.534722 0.053472 0.050926
2 0.539236 0.589815 0.100694 0.164815
3 0.732639 0.589352 0.052778 0.054630
3 0.586806 0.494444 0.045833 0.050000
4 0.692708 0.570370 0.052083 0.059259
6 0.348611 0.587037 0.036111 0.059259
6 0.425694 0.483333 0.066667 0.081481
6 0.502778 0.493056 0.036111 0.069444
6 0.704167 0.625000 0.041667 0.040741
7 0.446528 0.600463 0.112500 0.128704
8 0.615625 0.649537 0.138194 0.169444
9 0.313542 0.583796 0.038194 0.039815
5 0.645139 0.748148 0.040278 0.033333
