0 0.445139 0.560648 0.037500 0.099074
1 0.499306 0.432407 0.029167 0.075926
1 0.517361 0.482407 0.054167 0.040741
9 0.384375 0.625000 0.036806 0.024074
5 0.738889 0.583333 0.043056 0.020370
8 0.686111 0.499537 0.120833 0.147222
6 0.753125 0.434722 0.038194 0.026852
6 0.530556 0.428704 0.022222 0.061111
6 0.454514 0.465278 0.060417 0.069444
6 0.416319 0.607407 0.025694 0.051852
3 0.773264 0.384722 0.036806 0.050926
4 0.731597 0.386111 0.038194 0.048148
3 0.606597 0.392130 0.024306 0.028704
2 0.594097 0.494444 0.068750 0.144444
7 0.511111 0.558796 0.097222 0.099074
