9 0.632639 0.595370 0.022222 0.031481
6 0.624653 0.557870 0.050694 0.047222
6 0.550347 0.171759 0.024306 0.037963
6 0.501042 0.366667 0.057639 0.042593
6 0.515278 0.485185 0.068056 0.114815
0 0.592014 0.500463 0.078472 0.071296
7 0.605903 0.418519 0.088194 0.127778
2 0.564931 0.318519 0.121528 0.092593
8 0.585069 0.239815 0.114583 0.138889
5 0.651736 0.223148 0.017361 0.042593
3 0.522222 0.136574 0.040278 0.045370
4 0.514583 0.183333 0.037500 0.066667
3 0.492361 0.308333 0.025000 0.070370
1 0.543750 0.386111 0.031944 0.064815
1 0.496528 0.397685 0.059722 0.039815
