3 0.509375 0.916667 0.054861 0.081481
3 0.625000 0.707407 0.034722 0.053704
4 0.542708 0.861574 0.054861 0.082407
5 0.400694 0.734722 0.037500 0.060185
9 0.625000 0.301852 0.041667 0.046296
8 0.496181 0.722222 0.161806 0.218519
6 0.489931 0.862963 0.042361 0.075926
6 0.652778 0.596296 0.065278 0.079630
6 0.681944 0.486574 0.075000 0.099074
6 0.611806 0.345370 0.059722 0.055556
7 0.581597 0.481944 0.128472 0.171296
0 0.628472 0.405556 0.087500 0.092593
1 0.628472 0.538426 0.054167 0.084259
1 0.676736 0.554167 0.070139 0.076852
2 0.567361 0.621296 0.155556 0.179630
