3 0.914583 0.487963 0.069444 0.079630
3 0.663889 0.447685 0.065278 0.060185
4 0.848958 0.477315 0.077083 0.075000
6 0.881944 0.549074 0.068056 0.061111
6 0.560069 0.465278 0.053472 0.110185
6 0.437847 0.488889 0.104861 0.129630
6 0.353819 0.682407 0.045139 0.105556
9 0.304167 0.699537 0.056944 0.058333
0 0.407292 0.631019 0.060417 0.150926
1 0.512847 0.451389 0.053472 0.113889
1 0.528472 0.535648 0.094444 0.067593
7 0.504861 0.649537 0.155556 0.199074
2 0.638889 0.600463 0.108333 0.263889
8 0.764931 0.618981 0.177083 0.245370
5 0.834028 0.764815 0.073611 0.040741
