0 0.506250 0.437963 0.063889 0.046296
2 0.544444 0.610185 0.106944 0.085185
3 0.612500 0.625463 0.030556 0.036111
3 0.619792 0.830556 0.047917 0.055556
9 0.464931 0.370370 0.017361 0.044444
6 0.474653 0.406481 0.035417 0.033333
6 0.567708 0.448148 0.049306 0.075926
6 0.590625 0.536111 0.049306 0.037037
6 0.586111 0.806944 0.026389 0.050926
1 0.556597 0.516667 0.028472 0.061111
1 0.590972 0.497685 0.048611 0.036111
7 0.506944 0.512963 0.066667 0.118519
8 0.537153 0.718519 0.113194 0.140741
5 0.485764 0.788426 0.018750 0.060185
4 0.617014 0.774074 0.045139 0.059259
