0 0.602431 0.575926 0.052083 0.087037
1 0.526736 0.592130 0.047917 0.050926
1 0.523958 0.646296 0.038194 0.066667
3 0.294444 0.524537 0.033333 0.043519
4 0.327778 0.546759 0.033333 0.043519
3 0.429167 0.611574 0.023611 0.028704
6 0.497222 0.627778 0.030556 0.059259
6 0.325694 0.498611 0.034722 0.036111
6 0.637153 0.557407 0.028472 0.046296
5 0.385069 0.393981 0.031250 0.032407
8 0.405903 0.479630 0.118750 0.151852
2 0.471528 0.543519 0.087500 0.138889
7 0.553125 0.536111 0.095139 0.114815
9 0.666319 0.562037 0.029861 0.033333
6 0.566667 0.640741 0.052778 0.070370
