3 0.565972 0.718056 0.062500 0.117593
3 0.663542 0.559259 0.042361 0.085185
4 0.599306 0.670833 0.050000 0.095370
6 0.541667 0.678704 0.048611 0.096296
6 0.684375 0.469907 0.050694 0.067593
6 0.696875 0.395370 0.056250 0.044444
5 0.444444 0.576852 0.040278 0.059259
8 0.540278 0.536111 0.158333 0.183333
2 0.607639 0.483333 0.122222 0.151852
1 0.702431 0.430093 0.057639 0.065741
1 0.656597 0.420370 0.040972 0.081481
7 0.605208 0.389352 0.107639 0.117593
0 0.643056 0.337500 0.072222 0.056481
6 0.623611 0.314352 0.033333 0.030556
9 0.633681 0.299074 0.021528 0.024074
