3 0.370833 0.646759 0.062500 0.117593
3 0.553472 0.570833 0.040278 0.084259
4 0.419097 0.627315 0.052083 0.106481
6 0.376042 0.585185 0.052083 0.046296
6 0.616319 0.500926 0.047917 0.070370
6 0.673611 0.453704 0.069444 0.068519
5 0.346528 0.478704 0.040278 0.042593
8 0.436458 0.493981 0.150694 0.178704
2 0.535069 0.480093 0.106250 0.173148
1 0.651042 0.477315 0.054861 0.076852
1 0.611806 0.439815 0.058333 0.057407
7 0.585764 0.406944 0.120139 0.121296
0 0.647917 0.373148 0.061111 0.074074
6 0.653472 0.353704 0.026389 0.050000
9 0.673264 0.345833 0.029861 0.041667
