3 0.277431 0.413426 0.045139 0.080556
3 0.418403 0.516667 0.032639 0.062963
4 0.311458 0.438426 0.046528 0.078704
1 0.523611 0.537500 0.047222 0.067593
1 0.530208 0.483796 0.056250 0.052778
8 0.401389 0.380093 0.134722 0.169444
2 0.464931 0.437037 0.102083 0.146296
7 0.562500 0.441204 0.111111 0.123148
0 0.621875 0.482870 0.049306 0.095370
9 0.689931 0.504167 0.042361 0.069444
6 0.495486 0.526389 0.040972 0.065741
6 0.577431 0.553704 0.065972 0.079630
6 0.657292 0.480556 0.038194 0.057407
6 0.317361 0.391204 0.045833 0.045370
