9 0.386458 0.441204 0.042361 0.050926
6 0.425347 0.428704 0.031250 0.081481
6 0.474653 0.311574 0.072917 0.058333
6 0.554514 0.285648 0.032639 0.050926
6 0.777778 0.342130 0.034722 0.071296
0 0.458681 0.396759 0.035417 0.139815
7 0.531597 0.401389 0.107639 0.132407
2 0.617361 0.339815 0.073611 0.137037
8 0.714236 0.372222 0.129861 0.148148
5 0.775347 0.454630 0.049306 0.048148
3 0.790278 0.289815 0.044444 0.066667
3 0.628125 0.272685 0.028472 0.023148
4 0.746181 0.281019 0.049306 0.049074
1 0.522917 0.274537 0.030556 0.052778
1 0.537500 0.320833 0.056944 0.049074
