9 0.769792 0.360185 0.049306 0.031481
6 0.723611 0.356019 0.043056 0.078704
6 0.612500 0.434259 0.088889 0.081481
6 0.496875 0.395370 0.052083 0.070370
6 0.260069 0.243519 0.049306 0.037037
3 0.207986 0.275000 0.052083 0.114815
3 0.386458 0.392593 0.036806 0.098148
4 0.251389 0.303704 0.059722 0.109259
8 0.373264 0.234259 0.167361 0.170370
2 0.457986 0.300926 0.134028 0.175926
1 0.546181 0.337037 0.071528 0.059259
1 0.538542 0.400000 0.060417 0.085185
7 0.591667 0.296296 0.140278 0.125926
0 0.673611 0.346759 0.065278 0.106481
