3 0.694792 0.295370 0.032639 0.079630
3 0.571181 0.326389 0.025694 0.047222
4 0.659722 0.300463 0.043056 0.069444
8 0.648611 0.367130 0.112500 0.150926
9 0.425347 0.533333 0.036806 0.050000
5 0.711458 0.430556 0.042361 0.042593
2 0.584028 0.390741 0.066667 0.127778
1 0.492708 0.346759 0.036806 0.063889
1 0.517708 0.384259 0.056250 0.038889
6 0.522569 0.345370 0.045139 0.053704
6 0.463194 0.392130 0.065278 0.069444
6 0.452083 0.506019 0.033333 0.054630
6 0.696875 0.323148 0.038194 0.035185
7 0.530208 0.450000 0.106250 0.103704
0 0.469097 0.455093 0.052083 0.089815
