7 0.582986 0.365278 0.107639 0.102778
8 0.451042 0.260185 0.125694 0.114815
2 0.490625 0.330093 0.111806 0.100926
4 0.351389 0.280093 0.036111 0.067593
1 0.532292 0.382870 0.050694 0.056481
3 0.329514 0.256944 0.036806 0.080556
0 0.628125 0.416667 0.068750 0.066667
6 0.560764 0.463426 0.067361 0.062037
1 0.509722 0.418981 0.051389 0.060185
6 0.671181 0.439815 0.040972 0.055556
6 0.490278 0.401389 0.043056 0.052778
6 0.369792 0.251389 0.035417 0.045370
9 0.703819 0.463889 0.036806 0.037037
3 0.419444 0.373611 0.026389 0.075000
