3 0.731597 0.945833 0.061806 0.075000
3 0.717708 0.672685 0.035417 0.049074
4 0.721875 0.870370 0.057639 0.072222
5 0.545486 0.893981 0.027083 0.084259
9 0.517361 0.333796 0.027778 0.062037
8 0.618403 0.795370 0.160417 0.201852
7 0.569792 0.524074 0.107639 0.162963
0 0.573958 0.420833 0.097917 0.062037
6 0.526736 0.378704 0.059028 0.048148
6 0.650694 0.439352 0.075000 0.102778
6 0.687847 0.554167 0.060417 0.052778
6 0.683681 0.918981 0.035417 0.086111
2 0.622569 0.649074 0.165972 0.127778
1 0.640625 0.523611 0.043750 0.093519
1 0.690278 0.503241 0.069444 0.047222
