8 0.526736 0.497222 0.156250 0.187037
3 0.658333 0.584259 0.061111 0.105556
7 0.447569 0.342593 0.095139 0.118519
1 0.534028 0.305093 0.051389 0.047222
6 0.543056 0.345833 0.051389 0.049074
4 0.640278 0.531481 0.048611 0.087037
2 0.512500 0.403241 0.130556 0.091667
1 0.500694 0.322685 0.041667 0.058333
3 0.586458 0.419907 0.031250 0.067593
5 0.479514 0.600926 0.031250 0.068519
6 0.391319 0.277778 0.036806 0.044444
6 0.496181 0.287500 0.049306 0.043519
6 0.609375 0.581481 0.043750 0.090741
9 0.377083 0.269444 0.020833 0.048148
0 0.430903 0.283333 0.068750 0.050000
