8 0.556597 0.527315 0.138194 0.171296
3 0.646181 0.675000 0.059028 0.112963
4 0.649653 0.598611 0.052083 0.065741
7 0.549306 0.367130 0.086111 0.113889
3 0.656250 0.493519 0.030556 0.066667
6 0.639583 0.412037 0.054167 0.053704
2 0.582986 0.447685 0.115972 0.102778
6 0.602778 0.645370 0.037500 0.079630
5 0.477778 0.602778 0.027778 0.064815
6 0.534375 0.295370 0.038194 0.033333
6 0.621875 0.339815 0.053472 0.037037
9 0.530903 0.274537 0.015972 0.021296
1 0.643056 0.371296 0.052778 0.048148
1 0.604514 0.377778 0.028472 0.068519
0 0.561458 0.309259 0.064583 0.046296
