9 0.325000 0.462037 0.034722 0.050000
6 0.360069 0.441667 0.025694 0.038889
6 0.440972 0.365741 0.055556 0.031481
6 0.515625 0.357870 0.013194 0.026852
6 0.736111 0.467593 0.044444 0.061111
3 0.763889 0.412963 0.043056 0.051852
3 0.598611 0.364815 0.023611 0.018519
4 0.721181 0.402315 0.040972 0.041667
8 0.651736 0.479630 0.120139 0.133333
5 0.707292 0.575463 0.053472 0.045370
1 0.493056 0.342130 0.033333 0.045370
1 0.495486 0.377778 0.047917 0.033333
7 0.468750 0.433796 0.094444 0.086111
0 0.402083 0.440741 0.045833 0.131481
2 0.566319 0.420833 0.082639 0.108333
