0 0.488889 0.735648 0.102778 0.069444
1 0.366667 0.616204 0.073611 0.054630
1 0.425694 0.589352 0.034722 0.095370
5 0.557986 0.227778 0.017361 0.072222
8 0.467361 0.301852 0.147222 0.207407
6 0.418403 0.170833 0.032639 0.063889
6 0.371875 0.554167 0.068750 0.050926
6 0.398264 0.696296 0.072917 0.114815
6 0.529861 0.788889 0.052778 0.046296
3 0.370486 0.120370 0.052083 0.066667
4 0.365972 0.197222 0.050000 0.066667
3 0.351389 0.415278 0.030556 0.039815
2 0.444097 0.457870 0.149306 0.136111
9 0.540625 0.847685 0.024306 0.065741
7 0.498611 0.616204 0.097222 0.176852
