0 0.480208 0.226852 0.068750 0.035185
9 0.437500 0.209259 0.018056 0.040741
1 0.573264 0.258333 0.049306 0.029630
1 0.541667 0.276852 0.029167 0.068519
7 0.488542 0.282407 0.068750 0.092593
6 0.542361 0.240278 0.047222 0.037963
6 0.449653 0.219907 0.035417 0.030556
6 0.578125 0.300463 0.049306 0.041667
6 0.608681 0.526852 0.039583 0.077778
3 0.648958 0.537037 0.049306 0.087037
3 0.612847 0.375000 0.027083 0.059259
4 0.640972 0.490741 0.044444 0.081481
8 0.545139 0.445370 0.125000 0.159259
5 0.492361 0.531019 0.019444 0.052778
2 0.541667 0.354630 0.120833 0.062963
