3 0.713889 0.524074 0.041667 0.079630
3 0.605208 0.408796 0.022917 0.049074
4 0.681944 0.493519 0.043056 0.068519
6 0.679514 0.542130 0.045139 0.067593
6 0.550694 0.367593 0.038889 0.050000
6 0.489583 0.334722 0.055556 0.073148
6 0.405208 0.372685 0.031250 0.050926
9 0.381250 0.359259 0.027778 0.050000
0 0.444097 0.359722 0.053472 0.082407
7 0.479861 0.414352 0.091667 0.123148
1 0.515625 0.373611 0.043750 0.062037
1 0.531597 0.337500 0.042361 0.047222
8 0.605903 0.513426 0.131250 0.169444
5 0.601736 0.613889 0.038194 0.059259
2 0.555556 0.442130 0.095833 0.123148
