6 0.650000 0.450463 0.056944 0.075000
6 0.611806 0.524537 0.051389 0.075000
6 0.613542 0.349074 0.036806 0.051852
6 0.431597 0.684259 0.052083 0.059259
7 0.572222 0.426389 0.109722 0.128704
1 0.598958 0.473148 0.049306 0.075926
1 0.639931 0.494907 0.050694 0.075000
0 0.616319 0.384722 0.063194 0.086111
9 0.627431 0.332407 0.031250 0.050000
5 0.378819 0.575000 0.039583 0.044444
8 0.461806 0.564815 0.144444 0.177778
4 0.475347 0.700926 0.046528 0.083333
3 0.438889 0.737037 0.045833 0.085185
3 0.575000 0.609259 0.030556 0.059259
2 0.538194 0.523148 0.119444 0.161111
