3 0.838542 0.758333 0.065972 0.074074
3 0.725347 0.522222 0.052083 0.044444
4 0.808333 0.692593 0.070833 0.062963
1 0.612847 0.441667 0.065972 0.087037
1 0.643750 0.384259 0.073611 0.075926
0 0.506597 0.382407 0.106250 0.111111
2 0.636111 0.559722 0.176389 0.199074
7 0.543056 0.484259 0.168056 0.196296
9 0.423958 0.339352 0.054861 0.067593
5 0.658681 0.827778 0.059028 0.092593
8 0.690972 0.694907 0.187500 0.237963
6 0.455208 0.377315 0.063194 0.063889
6 0.585764 0.350000 0.088194 0.118519
6 0.794792 0.767593 0.049306 0.077778
6 0.660764 0.435648 0.065972 0.082407
