0 0.601736 0.419907 0.056250 0.091667
1 0.565278 0.521296 0.052778 0.062963
1 0.595486 0.554630 0.043750 0.072222
2 0.500000 0.551852 0.097222 0.151852
3 0.377083 0.740741 0.040278 0.064815
3 0.514583 0.641204 0.031944 0.039815
9 0.625694 0.342593 0.041667 0.038889
7 0.544792 0.456481 0.107639 0.127778
6 0.606944 0.370833 0.033333 0.050926
6 0.619444 0.503704 0.061111 0.079630
6 0.567361 0.573148 0.034722 0.064815
6 0.377083 0.689352 0.037500 0.045370
8 0.418056 0.588426 0.130556 0.176852
4 0.411806 0.712500 0.040278 0.063889
5 0.343750 0.555556 0.045833 0.031481
