3 0.633681 0.614352 0.049306 0.087963
3 0.574306 0.461574 0.029167 0.075000
4 0.620486 0.568981 0.043750 0.080556
6 0.495486 0.327315 0.049306 0.054630
6 0.407639 0.325000 0.033333 0.040741
6 0.536458 0.390278 0.042361 0.049074
6 0.597569 0.605556 0.036806 0.075926
1 0.529514 0.349537 0.047917 0.043519
1 0.501389 0.374537 0.040278 0.054630
7 0.452431 0.387963 0.078472 0.112963
0 0.439236 0.329630 0.063194 0.072222
2 0.509028 0.455093 0.129167 0.102778
9 0.391667 0.314815 0.022222 0.053704
8 0.521875 0.541204 0.145139 0.158333
5 0.496181 0.635648 0.027083 0.069444
