3 0.490625 0.216667 0.036806 0.064815
3 0.480556 0.379630 0.022222 0.074074
4 0.489931 0.258796 0.031250 0.067593
1 0.495833 0.471296 0.045833 0.040741
1 0.535417 0.454167 0.033333 0.071296
6 0.495139 0.436574 0.055556 0.041667
6 0.517361 0.534722 0.058333 0.095370
6 0.609722 0.586574 0.045833 0.037963
6 0.519792 0.235185 0.021528 0.042593
0 0.582292 0.543981 0.068750 0.050926
7 0.589583 0.473148 0.073611 0.114815
2 0.556597 0.380556 0.127083 0.077778
8 0.538542 0.295370 0.138194 0.124074
5 0.610417 0.262037 0.020833 0.031481
9 0.622917 0.633333 0.027778 0.057407
