3 0.610417 0.669444 0.047222 0.090741
3 0.567708 0.504167 0.028472 0.071296
4 0.600000 0.614352 0.041667 0.065741
1 0.496528 0.404630 0.033333 0.064815
1 0.526042 0.382870 0.049306 0.047222
9 0.393056 0.323148 0.020833 0.048148
5 0.467361 0.676389 0.027778 0.065741
7 0.446181 0.415278 0.075694 0.099074
0 0.439583 0.354167 0.061111 0.045370
6 0.496875 0.354167 0.053472 0.071296
6 0.405903 0.343981 0.036806 0.039815
6 0.575000 0.659722 0.037500 0.071296
6 0.532639 0.427315 0.052778 0.058333
2 0.503472 0.485648 0.119444 0.089815
8 0.508681 0.582870 0.127083 0.162037
