9 0.569792 0.702315 0.029861 0.054630
6 0.571528 0.650000 0.045833 0.038889
6 0.490278 0.545370 0.056944 0.088889
6 0.492708 0.433333 0.053472 0.051852
6 0.587847 0.171759 0.025694 0.045370
0 0.553819 0.593981 0.078472 0.069444
1 0.484722 0.467593 0.055556 0.051852
1 0.530208 0.468056 0.036806 0.071296
7 0.577778 0.508796 0.100000 0.150926
2 0.563889 0.388426 0.119444 0.123148
3 0.500347 0.325000 0.024306 0.031481
8 0.610417 0.281944 0.126389 0.182407
4 0.546875 0.175000 0.042361 0.050000
3 0.561806 0.123148 0.038889 0.046296
5 0.681250 0.250926 0.027778 0.044444
