5 0.313889 0.401389 0.041667 0.025000
8 0.386458 0.472222 0.136806 0.170370
6 0.312500 0.561111 0.044444 0.033333
3 0.293403 0.619444 0.045139 0.064815
4 0.340625 0.609722 0.043750 0.056481
3 0.480556 0.581019 0.031944 0.039815
2 0.486458 0.469444 0.082639 0.164815
7 0.568056 0.382407 0.112500 0.116667
6 0.559028 0.526852 0.030556 0.075926
6 0.635417 0.480556 0.068056 0.083333
1 0.571875 0.462037 0.054861 0.038889
1 0.596875 0.517130 0.039583 0.078704
0 0.640625 0.371296 0.043750 0.098148
6 0.661458 0.325000 0.029861 0.061111
9 0.693403 0.305093 0.038194 0.034259
