0 0.669444 0.375463 0.097222 0.139815
1 0.626389 0.542130 0.083333 0.100926
1 0.676736 0.592593 0.074306 0.114815
2 0.526042 0.607407 0.156250 0.242593
3 0.558333 0.740278 0.050000 0.069444
3 0.350000 0.931481 0.065278 0.107407
7 0.587500 0.443519 0.170833 0.211111
6 0.672569 0.296759 0.053472 0.076852
6 0.705208 0.502778 0.093750 0.127778
6 0.634722 0.623611 0.059722 0.093519
6 0.347569 0.849074 0.060417 0.074074
8 0.398958 0.679630 0.220139 0.277778
4 0.405556 0.876852 0.065278 0.109259
5 0.283681 0.637037 0.064583 0.064815
9 0.698264 0.250926 0.052083 0.062963
