9 0.489236 0.629630 0.043750 0.064815
6 0.510764 0.571759 0.042361 0.043519
6 0.482292 0.463426 0.060417 0.036111
6 0.525694 0.398611 0.026389 0.028704
6 0.695486 0.315741 0.018750 0.024074
3 0.679514 0.277778 0.034028 0.031481
4 0.654167 0.299074 0.031944 0.038889
3 0.571181 0.346296 0.021528 0.018519
1 0.503819 0.410648 0.036806 0.050926
1 0.543056 0.425463 0.050000 0.037963
7 0.575347 0.480556 0.090972 0.079630
0 0.518056 0.510185 0.063889 0.062963
5 0.753472 0.404630 0.022222 0.022222
2 0.602083 0.412500 0.086111 0.097222
8 0.677778 0.371759 0.120833 0.097222
