9 0.570139 0.695370 0.025000 0.053704
6 0.569792 0.643519 0.045139 0.042593
6 0.479861 0.544907 0.058333 0.089815
6 0.479514 0.431481 0.052083 0.053704
6 0.557639 0.165278 0.026389 0.050926
0 0.548264 0.587037 0.075694 0.066667
1 0.470486 0.471759 0.056250 0.049074
1 0.516319 0.466204 0.034028 0.073148
7 0.567014 0.503241 0.093750 0.149074
2 0.548264 0.383796 0.118750 0.115741
3 0.481250 0.325926 0.023611 0.033333
3 0.531597 0.119444 0.039583 0.048148
4 0.518750 0.171296 0.038889 0.046296
8 0.587500 0.268981 0.120833 0.165741
5 0.656944 0.232870 0.015278 0.045370
