9 0.606944 0.308796 0.026389 0.025000
6 0.589931 0.321759 0.022917 0.037963
6 0.602431 0.407407 0.049306 0.048148
6 0.553125 0.450000 0.029861 0.046296
6 0.373958 0.524537 0.035417 0.028704
3 0.506944 0.509259 0.020833 0.055556
3 0.369097 0.574074 0.035417 0.079630
4 0.405208 0.553241 0.036806 0.067593
5 0.350347 0.439352 0.025694 0.021296
8 0.416667 0.446759 0.111111 0.126852
2 0.488889 0.425463 0.075000 0.115741
1 0.551389 0.398148 0.043056 0.033333
1 0.579514 0.426852 0.032639 0.050000
7 0.532986 0.359259 0.084028 0.068519
0 0.581944 0.341204 0.041667 0.058333
