0 0.590278 0.244444 0.059722 0.051852
6 0.578472 0.219907 0.034722 0.023148
6 0.632639 0.301389 0.044444 0.045370
6 0.610764 0.370370 0.042361 0.053704
6 0.463542 0.543519 0.036806 0.057407
3 0.480903 0.586574 0.040972 0.093519
3 0.586806 0.450000 0.025000 0.068519
4 0.509722 0.546759 0.038889 0.080556
5 0.391319 0.457870 0.032639 0.034259
8 0.470486 0.427315 0.122917 0.154630
2 0.538889 0.376852 0.100000 0.124074
7 0.548611 0.289352 0.079167 0.095370
1 0.590972 0.318519 0.034722 0.057407
1 0.630903 0.332407 0.046528 0.053704
