3 0.885417 0.508796 0.072222 0.078704
3 0.672569 0.416204 0.067361 0.078704
4 0.828819 0.491204 0.071528 0.086111
6 0.471528 0.404630 0.086111 0.116667
6 0.579167 0.404630 0.056944 0.112963
6 0.371181 0.544444 0.054861 0.101852
6 0.849653 0.562037 0.064583 0.074074
7 0.507292 0.553241 0.156250 0.210185
1 0.541319 0.378704 0.061806 0.111111
1 0.540972 0.456481 0.097222 0.079630
2 0.628819 0.537963 0.140972 0.268519
8 0.737500 0.577315 0.191667 0.237963
5 0.771875 0.737500 0.088194 0.063889
9 0.320486 0.545370 0.065972 0.075926
0 0.426389 0.510648 0.066667 0.187963
