3 0.652778 0.229167 0.034722 0.067593
3 0.553819 0.329630 0.024306 0.062963
4 0.629167 0.256019 0.033333 0.060185
6 0.667014 0.262037 0.024306 0.035185
6 0.523611 0.371296 0.043056 0.051852
6 0.483681 0.443519 0.059028 0.068519
6 0.518403 0.557407 0.040972 0.061111
7 0.560417 0.459259 0.112500 0.137037
9 0.496875 0.595833 0.034028 0.050926
5 0.717708 0.352315 0.032639 0.036111
8 0.650347 0.330556 0.129861 0.151852
2 0.589931 0.375463 0.095139 0.121296
1 0.499653 0.386111 0.050694 0.055556
1 0.531944 0.406481 0.050000 0.059259
0 0.520139 0.500000 0.072222 0.090741
