9 0.568056 0.710648 0.037500 0.062037
6 0.573958 0.659259 0.046528 0.038889
6 0.500694 0.543056 0.063889 0.087963
6 0.515625 0.431944 0.050694 0.056481
6 0.633681 0.189815 0.025694 0.040741
1 0.548958 0.473611 0.043750 0.073148
1 0.502778 0.464815 0.055556 0.053704
0 0.559375 0.600463 0.078472 0.078704
7 0.594444 0.522222 0.104167 0.155556
2 0.590625 0.401852 0.120139 0.133333
3 0.534722 0.329167 0.020833 0.032407
3 0.612153 0.141667 0.039583 0.046296
4 0.594097 0.189352 0.038194 0.049074
8 0.645139 0.298148 0.133333 0.170370
5 0.718056 0.287963 0.029167 0.040741
