5 0.768403 0.443056 0.029861 0.025000
3 0.722569 0.304167 0.035417 0.045370
3 0.588889 0.338889 0.025000 0.014815
4 0.689236 0.311111 0.032639 0.031481
6 0.730208 0.337963 0.020139 0.025926
6 0.526736 0.375000 0.021528 0.029630
6 0.470833 0.425463 0.061111 0.037963
6 0.468056 0.542130 0.034722 0.050926
9 0.436806 0.570370 0.040278 0.027778
1 0.503125 0.375463 0.035417 0.045370
1 0.532986 0.404630 0.046528 0.040741
8 0.689236 0.390741 0.132639 0.094444
2 0.604167 0.402778 0.076389 0.111111
7 0.551736 0.460185 0.104861 0.070370
0 0.486111 0.493981 0.051389 0.095370
