6 0.657639 0.435648 0.031944 0.062037
6 0.638194 0.553241 0.069444 0.082407
6 0.562847 0.586574 0.040972 0.073148
6 0.332292 0.601852 0.052083 0.037037
7 0.572569 0.467593 0.103472 0.105556
8 0.409722 0.526389 0.120833 0.167593
5 0.339931 0.472685 0.035417 0.030556
3 0.313889 0.650463 0.051389 0.086111
3 0.490625 0.636574 0.031250 0.067593
4 0.358333 0.646296 0.051389 0.077778
1 0.576042 0.525926 0.056250 0.053704
1 0.599306 0.576852 0.037500 0.090741
2 0.504514 0.530556 0.082639 0.196296
9 0.684028 0.434722 0.031944 0.069444
0 0.635764 0.465278 0.045139 0.100926
