3 0.675000 0.588889 0.041667 0.081481
3 0.593403 0.440741 0.022917 0.051852
4 0.652083 0.547685 0.041667 0.078704
6 0.494444 0.329167 0.052778 0.063889
6 0.401389 0.338889 0.031944 0.042593
6 0.542361 0.385185 0.045833 0.051852
6 0.632986 0.593519 0.040972 0.072222
7 0.463542 0.394907 0.092361 0.115741
1 0.506597 0.372222 0.039583 0.053704
1 0.530903 0.340278 0.049306 0.043519
0 0.439583 0.340278 0.068056 0.058333
2 0.525347 0.455556 0.107639 0.105556
8 0.560417 0.539815 0.123611 0.177778
5 0.535764 0.639352 0.025694 0.060185
9 0.381597 0.329630 0.017361 0.051852
