0 0.637153 0.750463 0.125694 0.132407
1 0.506944 0.658333 0.070833 0.122222
1 0.460764 0.731944 0.088194 0.099074
5 0.462500 0.171759 0.025000 0.065741
8 0.422222 0.320833 0.212500 0.291667
6 0.297222 0.237500 0.051389 0.082407
6 0.432639 0.665741 0.072222 0.087037
6 0.527431 0.787037 0.097917 0.137037
6 0.700347 0.765741 0.061806 0.072222
9 0.736806 0.817130 0.041667 0.071296
7 0.593403 0.618056 0.164583 0.230556
2 0.466319 0.506481 0.186806 0.211111
3 0.347917 0.543981 0.038889 0.050926
3 0.226736 0.225463 0.060417 0.080556
4 0.257292 0.302778 0.059028 0.083333
