3 0.752778 0.634722 0.079167 0.134259
3 0.712153 0.394907 0.042361 0.082407
1 0.670833 0.234722 0.065278 0.043519
1 0.622569 0.246759 0.038194 0.063889
6 0.669444 0.288889 0.068056 0.061111
6 0.628819 0.208796 0.065972 0.060185
6 0.509722 0.165278 0.047222 0.043519
6 0.690625 0.610185 0.052083 0.112963
8 0.609028 0.479630 0.179167 0.216667
5 0.532639 0.593519 0.029167 0.074074
2 0.623958 0.344444 0.156250 0.092593
0 0.555208 0.179167 0.078472 0.037963
4 0.744097 0.556019 0.061806 0.093519
9 0.499653 0.150000 0.028472 0.044444
7 0.558333 0.258333 0.111111 0.137037
