0 0.710764 0.516667 0.070139 0.125926
1 0.643403 0.641204 0.071528 0.071296
1 0.677083 0.703241 0.056944 0.099074
2 0.543750 0.655093 0.105556 0.197222
3 0.546875 0.785648 0.043750 0.063889
3 0.338889 0.875463 0.058333 0.095370
9 0.755903 0.418981 0.056250 0.047222
7 0.627431 0.545833 0.145139 0.158333
6 0.728819 0.450463 0.045139 0.073148
6 0.712500 0.637037 0.081944 0.107407
6 0.635069 0.714352 0.040972 0.087963
6 0.350000 0.806944 0.052778 0.062037
5 0.336806 0.603704 0.061111 0.038889
4 0.394444 0.847222 0.054167 0.094444
8 0.429167 0.679630 0.169444 0.235185
