9 0.569097 0.709722 0.032639 0.056481
6 0.573958 0.659722 0.043750 0.041667
6 0.497569 0.543981 0.059028 0.095370
6 0.505903 0.436574 0.053472 0.047222
6 0.613889 0.185185 0.027778 0.042593
0 0.559028 0.600463 0.076389 0.071296
1 0.541667 0.473611 0.040278 0.071296
1 0.497222 0.468519 0.054167 0.053704
7 0.587500 0.516204 0.100000 0.152778
2 0.579167 0.398611 0.116667 0.126852
3 0.519444 0.328704 0.020833 0.029630
3 0.590972 0.135648 0.038889 0.049074
4 0.573611 0.183796 0.040278 0.043519
8 0.631944 0.290741 0.127778 0.174074
5 0.703125 0.270833 0.018750 0.043519
