9 0.386806 0.282407 0.040278 0.077778
6 0.421528 0.281944 0.040278 0.071296
6 0.525000 0.225000 0.073611 0.072222
6 0.610069 0.259722 0.046528 0.080556
6 0.812500 0.445833 0.062500 0.084259
4 0.811111 0.378704 0.056944 0.077778
3 0.691667 0.293056 0.030556 0.058333
3 0.857639 0.421296 0.059722 0.111111
8 0.711111 0.418981 0.172222 0.217593
5 0.727778 0.547222 0.051389 0.062963
2 0.629167 0.333796 0.130556 0.156481
1 0.570486 0.252315 0.060417 0.054630
1 0.583681 0.214352 0.052083 0.050926
7 0.526042 0.306944 0.132639 0.139815
0 0.472222 0.274537 0.073611 0.128704
