9 0.401736 0.268981 0.029861 0.069444
6 0.425694 0.273611 0.036111 0.056481
6 0.526389 0.254630 0.061111 0.068519
6 0.591319 0.293981 0.046528 0.060185
6 0.719792 0.500000 0.053472 0.079630
4 0.734722 0.442593 0.055556 0.074074
3 0.766667 0.487500 0.058333 0.093519
3 0.652431 0.347685 0.032639 0.062037
5 0.619097 0.564815 0.040972 0.066667
8 0.632986 0.453241 0.152083 0.193519
2 0.586111 0.365278 0.125000 0.128704
1 0.571181 0.253704 0.050694 0.055556
1 0.551042 0.285185 0.047917 0.062963
7 0.503472 0.315278 0.104167 0.115741
0 0.470486 0.271296 0.072917 0.090741
