9 0.414931 0.655556 0.038194 0.029630
6 0.450347 0.632870 0.025694 0.056481
6 0.489931 0.477778 0.071528 0.081481
6 0.571875 0.436574 0.034028 0.073148
6 0.807986 0.431944 0.042361 0.032407
0 0.484028 0.582407 0.041667 0.101852
7 0.555903 0.577315 0.109028 0.112037
1 0.539236 0.436111 0.036806 0.075926
1 0.560417 0.493056 0.058333 0.045370
2 0.642708 0.503241 0.078472 0.163889
3 0.652083 0.392593 0.029167 0.042593
3 0.827778 0.376852 0.043056 0.050000
4 0.782639 0.380556 0.040278 0.051852
8 0.742014 0.510185 0.132639 0.166667
5 0.798611 0.590278 0.043056 0.021296
