3 0.593403 0.723611 0.049306 0.080556
3 0.601042 0.533796 0.027083 0.056481
4 0.595486 0.666667 0.047917 0.066667
8 0.513889 0.588426 0.123611 0.160185
5 0.451389 0.665278 0.020833 0.065741
2 0.532986 0.497685 0.109028 0.095370
6 0.485764 0.325463 0.036806 0.030556
6 0.566667 0.371759 0.051389 0.056481
6 0.584375 0.449537 0.043750 0.049074
6 0.558681 0.695370 0.028472 0.072222
7 0.504861 0.409722 0.076389 0.110185
9 0.480208 0.300000 0.021528 0.037037
1 0.553472 0.424537 0.026389 0.075000
1 0.587847 0.407407 0.053472 0.046296
0 0.511111 0.348611 0.059722 0.047222
