9 0.471875 0.636574 0.040972 0.039815
6 0.498958 0.598148 0.034028 0.051852
6 0.496181 0.449074 0.068750 0.079630
6 0.551736 0.378241 0.039583 0.065741
6 0.757292 0.279167 0.038194 0.032407
0 0.510417 0.538889 0.066667 0.103704
7 0.575347 0.507407 0.117361 0.138889
1 0.526042 0.387037 0.045139 0.072222
1 0.559722 0.429167 0.056944 0.058333
2 0.634375 0.405093 0.097917 0.158333
3 0.614931 0.307407 0.027083 0.033333
3 0.763542 0.221296 0.034028 0.051852
4 0.724306 0.244444 0.038889 0.053704
8 0.719792 0.373148 0.139583 0.174074
5 0.786458 0.420833 0.042361 0.026852
