0 0.436111 0.340278 0.068056 0.119444
8 0.650000 0.474537 0.156944 0.197222
2 0.579861 0.396296 0.123611 0.140741
3 0.783333 0.481019 0.056944 0.102778
7 0.484028 0.365741 0.123611 0.127778
6 0.392014 0.340741 0.039583 0.068519
9 0.361458 0.341667 0.039583 0.072222
4 0.742014 0.442130 0.052083 0.073148
6 0.490278 0.303704 0.065278 0.064815
5 0.658681 0.587963 0.049306 0.061111
6 0.744444 0.500000 0.044444 0.074074
6 0.567361 0.330556 0.036111 0.062963
1 0.540972 0.293519 0.045833 0.044444
1 0.527431 0.324074 0.050694 0.048148
3 0.638194 0.365741 0.026389 0.048148
