3 0.883681 0.701389 0.086806 0.108333
3 0.703472 0.510185 0.055556 0.072222
4 0.836111 0.653241 0.076389 0.102778
5 0.714583 0.871296 0.075000 0.079630
9 0.329167 0.472222 0.063889 0.072222
6 0.371181 0.489352 0.075694 0.097222
6 0.502431 0.397685 0.113194 0.134259
6 0.609028 0.448148 0.094444 0.116667
6 0.826042 0.737500 0.078472 0.099074
7 0.502431 0.560648 0.163194 0.210185
1 0.577431 0.407870 0.081250 0.110185
1 0.559375 0.487500 0.088194 0.112037
0 0.430903 0.468519 0.104861 0.161111
2 0.620139 0.588889 0.172222 0.227778
8 0.712153 0.710185 0.197917 0.285185
