0 0.510764 0.473148 0.071528 0.055556
1 0.551042 0.581019 0.029861 0.071296
1 0.594097 0.571296 0.054861 0.048148
2 0.523264 0.680556 0.121528 0.112963
3 0.592361 0.716204 0.037500 0.047222
3 0.564236 0.951389 0.050694 0.062037
9 0.478472 0.383796 0.023611 0.049074
6 0.483333 0.426389 0.041667 0.034259
6 0.576042 0.506481 0.057639 0.087037
7 0.496181 0.556019 0.085417 0.137963
6 0.587153 0.611574 0.052083 0.047222
6 0.529514 0.909722 0.028472 0.054630
5 0.421528 0.854167 0.019444 0.062037
4 0.571875 0.884259 0.042361 0.072222
8 0.492708 0.797685 0.125694 0.169444
