3 0.690972 0.252315 0.037500 0.062037
3 0.572569 0.308796 0.024306 0.054630
4 0.661806 0.270833 0.036111 0.062037
9 0.454861 0.538426 0.033333 0.041667
5 0.723264 0.389815 0.035417 0.051852
0 0.493403 0.456481 0.050694 0.081481
2 0.588889 0.369907 0.083333 0.125000
1 0.504514 0.347222 0.036806 0.053704
1 0.529514 0.377315 0.046528 0.037963
6 0.482639 0.516667 0.036111 0.062963
6 0.475000 0.398611 0.056944 0.058333
6 0.530556 0.337500 0.037500 0.052778
6 0.692014 0.284259 0.036806 0.044444
7 0.546181 0.436574 0.109028 0.121296
8 0.661458 0.343981 0.127083 0.154630
