6 0.270833 0.343981 0.040278 0.050926
6 0.439236 0.569444 0.046528 0.072222
6 0.521181 0.620833 0.068750 0.091667
6 0.624306 0.551389 0.040278 0.058333
9 0.659375 0.573611 0.043750 0.045370
1 0.480903 0.541204 0.060417 0.071296
1 0.463889 0.602315 0.051389 0.073148
7 0.528819 0.489815 0.118750 0.157407
0 0.582292 0.554167 0.065972 0.100926
2 0.427778 0.463889 0.123611 0.162963
3 0.362153 0.525926 0.032639 0.038889
3 0.226042 0.358796 0.043750 0.052778
4 0.258333 0.398611 0.040278 0.054630
8 0.363542 0.360648 0.153472 0.202778
5 0.366319 0.250463 0.025694 0.037963
