9 0.537153 0.139352 0.024306 0.030556
1 0.665972 0.257870 0.065278 0.045370
1 0.614931 0.259259 0.032639 0.062963
6 0.642708 0.233333 0.061806 0.061111
6 0.540278 0.164815 0.041667 0.040741
6 0.587847 0.613889 0.045139 0.094444
6 0.660417 0.314815 0.066667 0.074074
7 0.550000 0.256944 0.098611 0.137963
8 0.539931 0.461574 0.168750 0.213889
3 0.669097 0.427315 0.046528 0.086111
3 0.634375 0.658333 0.075694 0.133333
4 0.647917 0.567130 0.069444 0.065741
5 0.440625 0.554630 0.038194 0.061111
2 0.578819 0.363426 0.146528 0.132407
0 0.570486 0.187037 0.079861 0.059259
