0 0.465278 0.673611 0.037500 0.106481
1 0.526389 0.541667 0.029167 0.075926
1 0.543056 0.597222 0.055556 0.038889
9 0.401389 0.732407 0.038889 0.024074
5 0.766667 0.712963 0.041667 0.016667
8 0.715278 0.623611 0.119444 0.150926
6 0.784722 0.561574 0.038889 0.026852
6 0.558333 0.540741 0.025000 0.066667
6 0.479167 0.573148 0.062500 0.074074
6 0.434028 0.717593 0.027778 0.057407
3 0.808681 0.512037 0.040972 0.051852
4 0.767014 0.512500 0.038194 0.052778
3 0.637153 0.510648 0.024306 0.032407
2 0.621181 0.612963 0.064583 0.150000
7 0.534028 0.674537 0.100000 0.100926
