8 0.586458 0.552778 0.179861 0.216667
2 0.535764 0.461111 0.139583 0.133333
4 0.698264 0.553241 0.060417 0.095370
7 0.451042 0.401852 0.120139 0.135185
0 0.419097 0.349074 0.078472 0.085185
3 0.731597 0.604167 0.067361 0.110185
1 0.503472 0.368981 0.050000 0.063889
5 0.562153 0.673611 0.042361 0.071296
6 0.684375 0.609722 0.045139 0.082407
6 0.548958 0.383796 0.043750 0.062037
6 0.483681 0.334259 0.060417 0.057407
6 0.372917 0.346296 0.043056 0.053704
3 0.612153 0.444907 0.028472 0.065741
1 0.529861 0.344444 0.052778 0.051852
9 0.350347 0.341204 0.027083 0.056481
