8 0.549306 0.429167 0.118056 0.145370
7 0.542014 0.281944 0.071528 0.100926
1 0.628472 0.279630 0.047222 0.035185
1 0.590625 0.281481 0.027083 0.048148
6 0.606597 0.259259 0.047917 0.048148
6 0.530208 0.212037 0.031250 0.027778
6 0.589931 0.531944 0.034028 0.067593
6 0.624306 0.322222 0.044444 0.048148
2 0.572222 0.356944 0.101389 0.089815
3 0.636806 0.399074 0.026389 0.061111
3 0.622917 0.554630 0.045833 0.090741
4 0.628472 0.494444 0.041667 0.044444
5 0.484375 0.502778 0.020139 0.050000
0 0.554861 0.224074 0.058333 0.033333
9 0.526736 0.195370 0.021528 0.031481
