9 0.711458 0.418519 0.034028 0.027778
6 0.678819 0.417593 0.025694 0.055556
6 0.609375 0.487963 0.063194 0.055556
6 0.527431 0.475463 0.031250 0.049074
6 0.326389 0.377778 0.040278 0.024074
3 0.287153 0.408333 0.038194 0.087037
3 0.443403 0.481481 0.025694 0.068519
4 0.327431 0.426852 0.039583 0.081481
8 0.412153 0.362500 0.122917 0.143519
2 0.484028 0.404167 0.086111 0.136111
7 0.580556 0.381019 0.097222 0.078704
1 0.555903 0.426389 0.050694 0.039815
1 0.558681 0.474537 0.036806 0.060185
0 0.645139 0.418981 0.038889 0.082407
