3 0.717361 0.377778 0.034722 0.059259
3 0.583681 0.374537 0.022917 0.047222
4 0.681250 0.376389 0.038889 0.058333
8 0.644444 0.440741 0.098611 0.153704
5 0.693403 0.524537 0.043750 0.043519
6 0.700694 0.411574 0.036111 0.039815
6 0.523264 0.374074 0.031250 0.042593
6 0.460069 0.400000 0.060417 0.062963
6 0.419792 0.496759 0.025694 0.056481
9 0.390278 0.505093 0.038889 0.049074
0 0.444792 0.462037 0.038194 0.090741
1 0.500347 0.365741 0.032639 0.059259
1 0.511111 0.405093 0.048611 0.045370
7 0.501389 0.465741 0.093056 0.101852
2 0.568056 0.426852 0.065278 0.159259
