9 0.392014 0.486574 0.036806 0.052778
6 0.426389 0.469444 0.031944 0.081481
6 0.453819 0.350463 0.065972 0.058333
6 0.521528 0.315741 0.030556 0.044444
6 0.720139 0.325000 0.037500 0.042593
0 0.452431 0.431019 0.046528 0.126852
7 0.512153 0.425000 0.104861 0.129630
2 0.581944 0.362500 0.080556 0.136111
8 0.665278 0.363889 0.122222 0.127778
5 0.729514 0.427778 0.040972 0.037037
3 0.722917 0.282870 0.037500 0.058333
4 0.684028 0.284259 0.041667 0.050000
3 0.582292 0.293519 0.025694 0.022222
1 0.490972 0.317130 0.030556 0.060185
1 0.512847 0.348611 0.056250 0.045370
