3 0.813194 0.796296 0.072222 0.088889
3 0.728472 0.552778 0.043056 0.048148
4 0.787847 0.731944 0.072917 0.082407
9 0.446528 0.341204 0.045833 0.069444
8 0.679167 0.716667 0.169444 0.218519
2 0.630556 0.586574 0.186111 0.139815
1 0.618403 0.462037 0.065972 0.092593
1 0.656944 0.415741 0.076389 0.077778
0 0.524306 0.400000 0.108333 0.092593
5 0.639931 0.850463 0.053472 0.106481
6 0.603125 0.370833 0.075694 0.108333
6 0.473611 0.378241 0.056944 0.063889
6 0.772569 0.805093 0.046528 0.087963
6 0.672917 0.466667 0.076389 0.087037
7 0.547222 0.487500 0.155556 0.180556
