3 0.472569 0.731019 0.046528 0.089815
3 0.590278 0.587963 0.030556 0.062963
4 0.504514 0.688889 0.042361 0.077778
1 0.645833 0.470370 0.051389 0.074074
1 0.604861 0.450463 0.047222 0.075000
2 0.551389 0.505093 0.105556 0.152778
8 0.479167 0.556019 0.138889 0.180556
5 0.395139 0.575463 0.040278 0.045370
0 0.612153 0.359722 0.065972 0.076852
7 0.570486 0.402778 0.102083 0.124074
6 0.605208 0.328241 0.035417 0.049074
6 0.653819 0.425926 0.056250 0.070370
6 0.622569 0.502315 0.049306 0.067593
6 0.460069 0.678241 0.047917 0.067593
9 0.617014 0.306481 0.031250 0.051852
