3 0.585764 0.733796 0.049306 0.082407
3 0.611458 0.545833 0.034028 0.060185
4 0.592708 0.678704 0.050694 0.066667
1 0.614583 0.417593 0.047222 0.051852
1 0.575347 0.418981 0.028472 0.060185
0 0.544444 0.343056 0.066667 0.047222
6 0.523264 0.318981 0.038194 0.034259
6 0.598611 0.380556 0.051389 0.064815
6 0.606944 0.460648 0.052778 0.050926
6 0.552083 0.700000 0.036111 0.074074
5 0.452431 0.651852 0.025694 0.062963
2 0.548611 0.499074 0.111111 0.105556
8 0.519792 0.586111 0.124306 0.164815
7 0.526389 0.405556 0.081944 0.111111
9 0.519792 0.302778 0.021528 0.050000
