0 0.355208 0.676852 0.059028 0.162963
1 0.469097 0.473611 0.045139 0.113889
1 0.488889 0.566204 0.086111 0.056481
2 0.609722 0.608796 0.125000 0.245370
3 0.643403 0.449537 0.054861 0.067593
3 0.925000 0.477315 0.072222 0.087963
4 0.845139 0.469444 0.088889 0.083333
5 0.836806 0.787500 0.058333 0.036111
6 0.305903 0.736574 0.042361 0.095370
6 0.388889 0.522222 0.111111 0.125926
6 0.521181 0.479167 0.045139 0.112037
6 0.881944 0.554167 0.062500 0.049074
7 0.467014 0.688426 0.171528 0.173148
8 0.763194 0.640741 0.187500 0.250000
9 0.254167 0.749074 0.056944 0.044444
