6 0.528472 0.631019 0.044444 0.082407
6 0.641667 0.420833 0.050000 0.054630
6 0.645486 0.352315 0.052083 0.043519
3 0.560764 0.671759 0.056250 0.115741
3 0.633681 0.506019 0.032639 0.076852
4 0.583681 0.621296 0.046528 0.096296
5 0.424306 0.553241 0.034722 0.049074
8 0.513889 0.500000 0.148611 0.174074
2 0.569792 0.446759 0.118750 0.137963
1 0.611458 0.381481 0.038194 0.081481
1 0.656597 0.384259 0.053472 0.062963
7 0.557986 0.356944 0.102083 0.113889
0 0.592014 0.303241 0.064583 0.050926
6 0.569444 0.281481 0.034722 0.027778
9 0.575694 0.265741 0.022222 0.025926
