9 0.605903 0.570370 0.022917 0.024074
6 0.600347 0.542593 0.043750 0.042593
6 0.514583 0.476389 0.055556 0.095370
6 0.508333 0.377778 0.045833 0.042593
6 0.560417 0.215741 0.022222 0.029630
7 0.589931 0.423611 0.075694 0.108333
0 0.576389 0.489815 0.065278 0.061111
2 0.564583 0.339815 0.102778 0.079630
8 0.588194 0.275000 0.097222 0.125926
5 0.643403 0.269444 0.017361 0.051852
3 0.538194 0.181944 0.031944 0.039815
4 0.530556 0.225463 0.033333 0.056481
3 0.505556 0.327778 0.022222 0.057407
1 0.503125 0.404630 0.049306 0.038889
1 0.541667 0.399074 0.029167 0.059259
