3 0.260764 0.462500 0.046528 0.082407
3 0.414236 0.549074 0.029861 0.062963
4 0.300347 0.482407 0.052083 0.079630
6 0.650347 0.486111 0.035417 0.068519
6 0.579167 0.566667 0.066667 0.077778
6 0.492708 0.549537 0.045139 0.071296
6 0.296875 0.431019 0.045139 0.039815
7 0.556597 0.453241 0.110417 0.113889
8 0.385764 0.412500 0.134028 0.165741
2 0.459028 0.470370 0.098611 0.164815
0 0.618403 0.489352 0.046528 0.093519
1 0.526042 0.504167 0.060417 0.052778
1 0.528125 0.558333 0.042361 0.070370
9 0.684722 0.500463 0.037500 0.063889
