9 0.473264 0.641667 0.039583 0.046296
6 0.498958 0.600463 0.035417 0.054630
6 0.482986 0.450926 0.065972 0.079630
6 0.538194 0.369907 0.044444 0.065741
6 0.730208 0.242593 0.038194 0.044444
0 0.507986 0.536111 0.061806 0.103704
7 0.566667 0.498148 0.120833 0.150000
1 0.547569 0.423611 0.054861 0.062037
1 0.510069 0.383796 0.047917 0.065741
2 0.617014 0.386574 0.099306 0.154630
3 0.590625 0.292130 0.027083 0.036111
3 0.730556 0.185185 0.043056 0.044444
4 0.694792 0.212963 0.036806 0.048148
8 0.701736 0.344907 0.142361 0.180556
5 0.772569 0.383333 0.039583 0.033333
