0 0.553472 0.582407 0.073611 0.064815
1 0.487153 0.512500 0.038194 0.069444
1 0.453819 0.546759 0.056250 0.050926
5 0.497917 0.229167 0.012500 0.043519
8 0.462153 0.309722 0.117361 0.163889
6 0.396181 0.241667 0.025694 0.048148
6 0.445486 0.506944 0.047917 0.041667
6 0.489583 0.590741 0.054167 0.083333
6 0.590625 0.606944 0.038194 0.036111
9 0.608681 0.642593 0.024306 0.044444
3 0.358681 0.226852 0.036806 0.048148
3 0.404861 0.428241 0.022222 0.032407
2 0.475347 0.420370 0.102083 0.100000
7 0.538542 0.500000 0.085417 0.129630
4 0.369792 0.275926 0.036806 0.046296
