0 0.426389 0.609722 0.033333 0.086111
1 0.492708 0.506019 0.025694 0.065741
1 0.502778 0.559722 0.047222 0.036111
2 0.567708 0.591204 0.072917 0.147222
3 0.745486 0.537037 0.040972 0.050000
3 0.590278 0.502315 0.029167 0.030556
4 0.700694 0.529167 0.047222 0.049074
6 0.394792 0.640278 0.025694 0.060185
6 0.449306 0.528704 0.059722 0.068519
6 0.520139 0.512963 0.030556 0.064815
6 0.720833 0.576389 0.038889 0.034259
7 0.484028 0.624537 0.097222 0.099074
8 0.645833 0.618981 0.111111 0.143519
9 0.365278 0.645370 0.036111 0.033333
5 0.686458 0.706019 0.039583 0.028704
