0 0.643403 0.350000 0.107639 0.127778
1 0.634028 0.527778 0.072222 0.103704
1 0.694097 0.558796 0.078472 0.099074
2 0.545139 0.625000 0.179167 0.233333
3 0.609028 0.749074 0.043056 0.061111
9 0.646875 0.216204 0.056250 0.067593
7 0.576736 0.443519 0.170139 0.225926
6 0.631250 0.269907 0.056944 0.069444
6 0.699306 0.460648 0.094444 0.123148
6 0.657639 0.603241 0.068056 0.089815
6 0.418056 0.921759 0.052778 0.082407
8 0.439583 0.742593 0.211111 0.290741
5 0.314583 0.733796 0.052778 0.078704
4 0.485764 0.925926 0.064583 0.112963
