0 0.638889 0.500463 0.036111 0.078704
1 0.570139 0.537963 0.045833 0.038889
1 0.576389 0.585648 0.029167 0.060185
6 0.374653 0.504630 0.032639 0.029630
6 0.665625 0.475000 0.022917 0.042593
6 0.614236 0.569907 0.047917 0.058333
6 0.548611 0.577778 0.023611 0.053704
3 0.351389 0.539815 0.033333 0.040741
4 0.386111 0.549537 0.031944 0.039815
3 0.486111 0.581019 0.020833 0.026852
5 0.409722 0.395833 0.030556 0.023148
8 0.444792 0.471296 0.100694 0.125926
2 0.511458 0.507407 0.071528 0.125926
7 0.587153 0.480093 0.085417 0.093519
9 0.692708 0.471759 0.027083 0.021296
