3 0.292361 0.200926 0.041667 0.070370
3 0.355556 0.357407 0.029167 0.057407
4 0.307292 0.242593 0.043750 0.074074
2 0.427083 0.315741 0.105556 0.103704
8 0.400694 0.236574 0.123611 0.145370
7 0.508681 0.377315 0.106250 0.130556
0 0.537153 0.455556 0.081250 0.094444
9 0.609028 0.511574 0.031944 0.071296
1 0.455556 0.392130 0.048611 0.069444
1 0.421875 0.431944 0.059028 0.063889
6 0.469792 0.483333 0.064583 0.072222
6 0.329514 0.206481 0.032639 0.042593
6 0.409722 0.412037 0.054167 0.048148
6 0.584028 0.475000 0.044444 0.053704
