6 0.611458 0.543056 0.043750 0.036111
6 0.525347 0.476852 0.047917 0.044444
3 0.560417 0.254630 0.029167 0.027778
4 0.552083 0.290278 0.031944 0.043519
3 0.524653 0.364352 0.020139 0.043519
6 0.521875 0.401389 0.034028 0.013889
1 0.516319 0.424537 0.046528 0.043519
1 0.556250 0.421759 0.029167 0.050926
8 0.608681 0.316204 0.092361 0.071296
5 0.663194 0.332407 0.011111 0.029630
2 0.581597 0.371759 0.093750 0.062037
7 0.605903 0.442130 0.074306 0.067593
0 0.587847 0.496759 0.063194 0.049074
6 0.584375 0.282407 0.015972 0.018519
