9 0.496181 0.608333 0.034028 0.035185
6 0.521181 0.565278 0.042361 0.050926
6 0.496875 0.455556 0.061806 0.037037
6 0.535417 0.390278 0.027778 0.036111
6 0.710069 0.314352 0.018750 0.025000
3 0.696528 0.274537 0.034722 0.030556
3 0.585069 0.343519 0.021528 0.016667
4 0.670486 0.301852 0.028472 0.042593
1 0.517014 0.397685 0.040972 0.041667
1 0.553125 0.422222 0.046528 0.040741
2 0.617361 0.400000 0.093056 0.100000
8 0.691667 0.364352 0.118056 0.104630
5 0.767014 0.409722 0.021528 0.021296
0 0.529167 0.505556 0.058333 0.072222
7 0.582639 0.468519 0.102778 0.068519
