9 0.582292 0.553241 0.018750 0.021296
6 0.582292 0.528241 0.035417 0.041667
6 0.526042 0.458333 0.047917 0.070370
6 0.537847 0.382870 0.036806 0.041667
6 0.613542 0.261111 0.024306 0.022222
5 0.675694 0.323148 0.022222 0.037037
8 0.626042 0.321759 0.090972 0.115741
7 0.594792 0.444907 0.077083 0.113889
0 0.571181 0.487500 0.059028 0.067593
2 0.592361 0.367130 0.087500 0.087963
1 0.560069 0.404630 0.028472 0.053704
1 0.526736 0.400926 0.039583 0.046296
3 0.547569 0.342593 0.020139 0.050000
3 0.598264 0.235648 0.028472 0.041667
4 0.586458 0.264815 0.029861 0.050000
