3 0.732292 0.510185 0.039583 0.077778
3 0.617014 0.402315 0.034028 0.049074
4 0.701736 0.478704 0.038194 0.064815
6 0.491667 0.333796 0.056944 0.062037
6 0.412153 0.383333 0.032639 0.048148
6 0.559722 0.364352 0.048611 0.056481
6 0.700000 0.523148 0.043056 0.055556
7 0.491319 0.413426 0.093750 0.123148
1 0.524653 0.367593 0.040972 0.053704
1 0.536458 0.331019 0.043750 0.052778
0 0.448611 0.372685 0.065278 0.091667
2 0.567708 0.436111 0.089583 0.127778
8 0.626042 0.493056 0.117361 0.169444
5 0.625000 0.604167 0.045833 0.067593
9 0.384722 0.374074 0.034722 0.050000
