9 0.502778 0.562500 0.031944 0.045370
6 0.514583 0.526389 0.040278 0.054630
6 0.472917 0.431944 0.059722 0.086111
6 0.504514 0.353241 0.039583 0.050926
6 0.628819 0.244907 0.025694 0.025000
0 0.510417 0.480093 0.065278 0.097222
7 0.552083 0.450926 0.100000 0.159259
2 0.569792 0.359722 0.103472 0.125000
8 0.623611 0.316667 0.112500 0.146296
5 0.686111 0.330093 0.029167 0.034259
3 0.615972 0.220370 0.030556 0.053704
3 0.529514 0.309722 0.021528 0.047222
4 0.594792 0.247222 0.034028 0.057407
1 0.484028 0.375000 0.048611 0.066667
1 0.519792 0.382407 0.042361 0.051852
