9 0.386111 0.212963 0.033333 0.077778
6 0.410764 0.216204 0.043750 0.062037
6 0.533681 0.199074 0.081250 0.079630
6 0.605556 0.253704 0.058333 0.072222
6 0.757292 0.510648 0.060417 0.100926
4 0.778472 0.443981 0.070833 0.099074
3 0.812847 0.503704 0.078472 0.122222
3 0.679514 0.323611 0.036806 0.076852
5 0.625694 0.584259 0.048611 0.087037
8 0.651736 0.445370 0.190972 0.238889
2 0.596528 0.339352 0.154167 0.147222
1 0.557986 0.233796 0.059028 0.065741
1 0.589583 0.208333 0.065278 0.062963
7 0.500347 0.277315 0.129861 0.149074
0 0.462847 0.225000 0.088194 0.111111
