3 0.506944 0.754630 0.047222 0.087037
3 0.607986 0.598611 0.031250 0.063889
4 0.534375 0.709722 0.046528 0.075000
1 0.612153 0.457407 0.045139 0.074074
1 0.654861 0.473611 0.051389 0.067593
6 0.655903 0.431019 0.049306 0.071296
6 0.600000 0.337037 0.036111 0.040741
6 0.488889 0.708796 0.041667 0.082407
6 0.631944 0.511111 0.051389 0.072222
7 0.574653 0.420370 0.107639 0.125926
0 0.610764 0.371759 0.070139 0.075000
9 0.608681 0.313889 0.035417 0.040741
8 0.500347 0.583796 0.136806 0.182407
5 0.417708 0.606481 0.036806 0.048148
2 0.560069 0.523148 0.109028 0.146296
