6 0.607292 0.512500 0.040972 0.034259
6 0.521528 0.449537 0.050000 0.045370
6 0.590278 0.254630 0.015278 0.014815
6 0.522222 0.370833 0.031944 0.013889
3 0.567361 0.227315 0.029167 0.026852
4 0.556597 0.262037 0.032639 0.046296
3 0.525694 0.334722 0.019444 0.043519
8 0.614236 0.291667 0.097917 0.059259
5 0.669097 0.305556 0.009028 0.027778
1 0.511458 0.394444 0.042361 0.042593
1 0.555556 0.392130 0.031944 0.054630
2 0.587153 0.345833 0.095139 0.063889
7 0.605556 0.418056 0.058333 0.080556
0 0.584375 0.464815 0.064583 0.042593
