0 0.620486 0.376852 0.074306 0.120370
1 0.577083 0.513889 0.075000 0.081481
1 0.617361 0.557870 0.058333 0.097222
2 0.491319 0.562963 0.129861 0.205556
3 0.516319 0.677778 0.035417 0.053704
3 0.338889 0.821296 0.052778 0.090741
9 0.649653 0.270833 0.047917 0.050926
7 0.548958 0.430093 0.143750 0.176852
6 0.625347 0.309722 0.045139 0.069444
6 0.646875 0.488426 0.084028 0.104630
6 0.582986 0.582407 0.049306 0.079630
6 0.338542 0.755093 0.050694 0.062037
5 0.287847 0.581481 0.054861 0.048148
4 0.384722 0.781019 0.052778 0.089815
8 0.384722 0.620833 0.173611 0.226852
