3 0.597222 0.525000 0.037500 0.074074
3 0.603819 0.389815 0.022917 0.048148
6 0.592361 0.331019 0.038889 0.045370
6 0.567014 0.506944 0.024306 0.056481
6 0.577778 0.274537 0.036111 0.039815
6 0.506597 0.235185 0.028472 0.033333
0 0.528472 0.248611 0.054167 0.039815
9 0.502431 0.218981 0.014583 0.028704
7 0.520833 0.296296 0.059722 0.088889
8 0.533333 0.425463 0.095833 0.126852
5 0.475347 0.487037 0.015972 0.044444
4 0.599653 0.485185 0.034028 0.057407
2 0.547222 0.358796 0.087500 0.073148
1 0.593750 0.291667 0.040278 0.029630
1 0.563889 0.295833 0.020833 0.047222
