0 0.511111 0.425463 0.059722 0.058333
1 0.530903 0.518981 0.034028 0.062037
1 0.566667 0.518519 0.044444 0.044444
2 0.500000 0.592130 0.102778 0.110185
3 0.550694 0.635185 0.027778 0.038889
3 0.505903 0.815278 0.035417 0.052778
9 0.492708 0.348611 0.022917 0.041667
6 0.492708 0.383333 0.034028 0.035185
6 0.557986 0.464352 0.049306 0.073148
6 0.556944 0.550926 0.041667 0.038889
6 0.479861 0.777778 0.026389 0.046296
7 0.489583 0.489815 0.079167 0.122222
5 0.399653 0.713889 0.020139 0.048148
8 0.463194 0.680093 0.104167 0.147222
4 0.514931 0.762500 0.039583 0.058333
