9 0.409375 0.311574 0.035417 0.058333
6 0.438889 0.312037 0.034722 0.059259
6 0.522917 0.255556 0.059722 0.059259
6 0.597222 0.276852 0.037500 0.061111
6 0.769444 0.421759 0.050000 0.063889
4 0.765278 0.363426 0.048611 0.063889
3 0.804514 0.395833 0.047917 0.089815
3 0.663542 0.301389 0.028472 0.045370
8 0.687847 0.405093 0.136806 0.173148
5 0.708333 0.507870 0.048611 0.049074
2 0.617708 0.338426 0.109028 0.130556
7 0.530903 0.319907 0.109028 0.110185
1 0.570833 0.243981 0.040278 0.047222
1 0.565625 0.277778 0.050694 0.046296
0 0.479861 0.303704 0.058333 0.109259
