5 0.306250 0.369907 0.037500 0.023148
8 0.368750 0.457870 0.122222 0.162037
6 0.287847 0.523148 0.043750 0.033333
3 0.260764 0.576389 0.045139 0.050926
4 0.310417 0.575926 0.047222 0.053704
3 0.450000 0.575926 0.027778 0.029630
2 0.466319 0.472685 0.067361 0.167593
7 0.556250 0.406019 0.108333 0.104630
1 0.548264 0.480556 0.054861 0.037037
1 0.568403 0.539352 0.029861 0.076852
6 0.530903 0.545370 0.025694 0.075926
6 0.612153 0.508333 0.061806 0.072222
0 0.628472 0.406481 0.033333 0.096296
6 0.653125 0.367130 0.025694 0.062037
9 0.687500 0.356481 0.033333 0.031481
