3 0.293750 0.542130 0.052778 0.108333
4 0.348264 0.544907 0.057639 0.095370
6 0.668403 0.494907 0.067361 0.062037
2 0.512153 0.445833 0.078472 0.147222
7 0.598958 0.400000 0.102083 0.079630
8 0.413889 0.438889 0.130556 0.153704
9 0.722569 0.393056 0.034028 0.030556
0 0.669444 0.407407 0.043056 0.077778
3 0.497569 0.556481 0.032639 0.075926
1 0.623264 0.499074 0.038194 0.068519
6 0.323264 0.487963 0.047917 0.033333
6 0.582292 0.504167 0.032639 0.058333
6 0.692361 0.394444 0.029167 0.055556
1 0.598264 0.453241 0.064583 0.041667
5 0.342014 0.391667 0.027083 0.031481
