3 0.246181 0.591204 0.043750 0.058333
4 0.292014 0.598148 0.045139 0.061111
3 0.436111 0.617130 0.029167 0.037963
5 0.308681 0.386111 0.034028 0.027778
8 0.362153 0.479167 0.122917 0.163889
2 0.461806 0.512963 0.077778 0.172222
6 0.519097 0.593056 0.027083 0.075000
1 0.543056 0.529630 0.055556 0.037037
1 0.555903 0.595370 0.025694 0.072222
6 0.606597 0.571759 0.067361 0.080556
7 0.556597 0.460185 0.103472 0.114815
0 0.628125 0.464815 0.034028 0.103704
6 0.661111 0.430556 0.025000 0.062963
9 0.695833 0.423611 0.033333 0.039815
6 0.276389 0.539815 0.044444 0.038889
