0 0.451389 0.515741 0.054167 0.074074
1 0.536458 0.490278 0.043750 0.054630
1 0.523264 0.531944 0.042361 0.056481
2 0.556250 0.599537 0.097222 0.121296
3 0.704167 0.686574 0.036111 0.043519
3 0.606597 0.555556 0.028472 0.029630
4 0.675347 0.653241 0.043750 0.045370
5 0.596875 0.767593 0.024306 0.038889
6 0.415972 0.518519 0.031944 0.044444
6 0.497569 0.475000 0.050694 0.070370
6 0.670139 0.697222 0.030556 0.042593
6 0.553472 0.513889 0.036111 0.051852
7 0.486458 0.568056 0.090972 0.117593
8 0.600000 0.679630 0.116667 0.148148
9 0.393056 0.502315 0.029167 0.041667
