3 0.591319 0.603241 0.054861 0.106481
3 0.627778 0.423611 0.034722 0.071296
4 0.605208 0.540278 0.046528 0.067593
6 0.556250 0.573148 0.038889 0.081481
6 0.623264 0.333333 0.049306 0.053704
6 0.613194 0.254167 0.052778 0.043519
6 0.530208 0.201852 0.034028 0.027778
5 0.442708 0.518981 0.027083 0.058333
8 0.523611 0.450463 0.129167 0.169444
2 0.559722 0.373148 0.116667 0.116667
7 0.535764 0.285648 0.086806 0.115741
0 0.555556 0.227315 0.066667 0.056481
9 0.530556 0.183333 0.019444 0.022222
1 0.587500 0.301852 0.030556 0.083333
1 0.630903 0.296759 0.053472 0.056481
