7 0.584375 0.369907 0.097917 0.104630
2 0.512500 0.306019 0.115278 0.071296
8 0.499653 0.231944 0.114583 0.099074
6 0.649653 0.479630 0.047917 0.051852
6 0.524306 0.456481 0.068056 0.072222
1 0.526042 0.374074 0.042361 0.074074
1 0.486111 0.395370 0.058333 0.051852
3 0.401736 0.175926 0.038194 0.040741
6 0.475000 0.371296 0.052778 0.050000
6 0.435069 0.208796 0.024306 0.052778
9 0.672917 0.505556 0.022222 0.024074
0 0.607292 0.442130 0.081250 0.067593
3 0.432986 0.323611 0.024306 0.063889
4 0.406597 0.218981 0.038194 0.060185
