9 0.365972 0.494444 0.034722 0.035185
6 0.402778 0.475000 0.025000 0.040741
6 0.455556 0.381019 0.058333 0.030556
6 0.524306 0.356944 0.015278 0.026852
6 0.747917 0.415741 0.036111 0.046296
3 0.758333 0.366204 0.034722 0.049074
4 0.719792 0.361111 0.035417 0.044444
3 0.602083 0.347222 0.023611 0.016667
5 0.743750 0.521759 0.040278 0.032407
8 0.680903 0.425000 0.113194 0.111111
7 0.507292 0.441204 0.095139 0.073148
2 0.590278 0.407870 0.058333 0.102778
1 0.502431 0.349537 0.024306 0.043519
1 0.515278 0.385185 0.050000 0.025926
0 0.437847 0.458796 0.027083 0.121296
