9 0.340625 0.381944 0.049306 0.073148
6 0.383333 0.376389 0.040278 0.078704
6 0.477778 0.278241 0.076389 0.073148
6 0.574306 0.277778 0.036111 0.057407
6 0.818403 0.429167 0.056250 0.078704
4 0.801042 0.357870 0.057639 0.075000
3 0.850000 0.385185 0.063889 0.094444
3 0.660417 0.302778 0.033333 0.051852
8 0.719792 0.438426 0.164583 0.217593
7 0.504167 0.372685 0.138889 0.147222
0 0.434028 0.357870 0.065278 0.152778
1 0.537500 0.251389 0.048611 0.065741
1 0.538889 0.298611 0.068056 0.052778
2 0.619097 0.367130 0.114583 0.173148
5 0.766667 0.562500 0.062500 0.060185
