0 0.450000 0.623611 0.112500 0.139815
1 0.396875 0.406019 0.084028 0.106481
1 0.461806 0.433796 0.076389 0.112037
9 0.440972 0.774537 0.054167 0.073148
5 0.755208 0.224537 0.040972 0.052778
8 0.649306 0.216204 0.204167 0.269444
6 0.655208 0.051852 0.045139 0.059259
6 0.429167 0.360185 0.069444 0.085185
6 0.383333 0.511111 0.091667 0.125926
6 0.457986 0.711574 0.060417 0.073148
4 0.599653 0.031944 0.056250 0.062037
3 0.478819 0.212500 0.038194 0.047222
2 0.544444 0.337037 0.179167 0.229630
7 0.518056 0.522222 0.161111 0.222222
