8 0.516319 0.217130 0.109028 0.095370
7 0.588194 0.359259 0.091667 0.101852
3 0.425000 0.156481 0.034722 0.033333
1 0.527083 0.356019 0.036111 0.069444
1 0.485069 0.374074 0.057639 0.048148
6 0.644097 0.472685 0.049306 0.050926
6 0.520139 0.437037 0.065278 0.070370
6 0.477083 0.348148 0.056944 0.044444
6 0.455208 0.188889 0.022917 0.044444
0 0.602083 0.434259 0.084722 0.068519
4 0.427431 0.202315 0.039583 0.058333
3 0.442708 0.295370 0.024306 0.048148
2 0.518056 0.296759 0.113889 0.067593
9 0.663542 0.495833 0.018750 0.012037
