3 0.268403 0.275926 0.043750 0.085185
3 0.364931 0.406481 0.021528 0.053704
4 0.291319 0.306944 0.046528 0.073148
1 0.454167 0.467593 0.054167 0.079630
1 0.474653 0.416204 0.054861 0.063889
7 0.522917 0.388889 0.111111 0.129630
8 0.385069 0.279630 0.135417 0.162963
2 0.425694 0.350463 0.106944 0.110185
0 0.564931 0.453704 0.065972 0.100000
9 0.637847 0.492130 0.043750 0.067593
6 0.609028 0.460648 0.038889 0.056481
6 0.504167 0.500926 0.062500 0.074074
6 0.434722 0.452315 0.047222 0.052778
6 0.305208 0.262037 0.034028 0.044444
