9 0.521875 0.638889 0.035417 0.051852
6 0.537500 0.594444 0.040278 0.051852
6 0.490278 0.456019 0.065278 0.080556
6 0.523264 0.358333 0.047917 0.062963
6 0.681250 0.164352 0.033333 0.036111
0 0.533681 0.534722 0.077083 0.093519
7 0.580556 0.465741 0.112500 0.150000
1 0.548958 0.405093 0.045139 0.069444
1 0.503819 0.384259 0.050694 0.066667
2 0.603125 0.350463 0.118750 0.149074
3 0.558681 0.265741 0.024306 0.029630
3 0.667708 0.113426 0.038194 0.047222
4 0.640972 0.151389 0.037500 0.045370
8 0.673611 0.276852 0.140278 0.185185
5 0.743056 0.286574 0.034722 0.034259
