0 0.417708 0.534259 0.071528 0.100000
1 0.531250 0.489815 0.054167 0.077778
1 0.514931 0.548148 0.054861 0.066667
2 0.565278 0.630093 0.122222 0.162037
3 0.763194 0.726852 0.050000 0.061111
3 0.627778 0.567130 0.034722 0.036111
4 0.723958 0.687963 0.056250 0.057407
6 0.372222 0.541667 0.040278 0.059259
6 0.478472 0.474074 0.070833 0.092593
6 0.554514 0.520833 0.045139 0.071296
6 0.720833 0.744444 0.038889 0.053704
7 0.469792 0.599537 0.118750 0.156481
8 0.627778 0.733796 0.152778 0.202778
9 0.339236 0.520833 0.039583 0.049074
5 0.627083 0.843981 0.037500 0.047222
