3 0.654167 0.494907 0.043056 0.086111
3 0.582292 0.355556 0.025694 0.062963
4 0.634375 0.453704 0.042361 0.074074
1 0.500000 0.277315 0.040278 0.054630
1 0.526389 0.259259 0.043056 0.044444
0 0.434722 0.250926 0.062500 0.059259
9 0.382292 0.242130 0.018750 0.050926
8 0.535069 0.437037 0.135417 0.164815
5 0.514236 0.526852 0.025694 0.050000
2 0.521875 0.357870 0.121528 0.100926
7 0.454514 0.297222 0.082639 0.105556
6 0.491319 0.244907 0.043750 0.049074
6 0.402083 0.251389 0.034722 0.050926
6 0.617708 0.492593 0.039583 0.072222
6 0.536458 0.296296 0.047917 0.044444
