0 0.598264 0.439352 0.046528 0.080556
1 0.562500 0.524074 0.045833 0.051852
1 0.587153 0.557870 0.038194 0.063889
2 0.504167 0.546296 0.081944 0.137037
3 0.386806 0.697685 0.031944 0.052778
3 0.511458 0.623611 0.025694 0.032407
9 0.624306 0.375926 0.034722 0.031481
7 0.547569 0.466667 0.090972 0.105556
6 0.606944 0.396759 0.027778 0.045370
6 0.608333 0.515278 0.055556 0.071296
6 0.561458 0.569907 0.028472 0.054630
6 0.389931 0.652315 0.034028 0.036111
5 0.368750 0.533333 0.038889 0.024074
8 0.431944 0.567593 0.109722 0.142593
4 0.419792 0.676852 0.034028 0.053704
