3 0.603472 0.718056 0.043056 0.084259
3 0.592708 0.529167 0.027083 0.060185
4 0.599653 0.656944 0.045139 0.058333
6 0.566667 0.694444 0.025000 0.072222
6 0.570139 0.448148 0.047222 0.046296
6 0.549306 0.372222 0.044444 0.059259
6 0.464583 0.334722 0.041667 0.034259
1 0.537847 0.416204 0.028472 0.054630
1 0.571181 0.406019 0.049306 0.045370
7 0.486458 0.417130 0.078472 0.112037
0 0.487153 0.351389 0.071528 0.037963
9 0.454514 0.311111 0.020139 0.038889
2 0.522917 0.502778 0.130556 0.092593
8 0.515278 0.596759 0.127778 0.154630
5 0.460069 0.680093 0.024306 0.069444
