3 0.696875 0.507870 0.059028 0.087963
3 0.608681 0.357870 0.031250 0.062037
1 0.513194 0.277315 0.048611 0.050926
1 0.538194 0.251389 0.048611 0.041667
7 0.462500 0.304630 0.106944 0.109259
8 0.568750 0.451852 0.144444 0.188889
5 0.542361 0.556481 0.038889 0.059259
9 0.374306 0.243981 0.025000 0.052778
6 0.396528 0.258796 0.038889 0.060185
6 0.502083 0.244907 0.051389 0.049074
6 0.657986 0.512037 0.040972 0.075926
6 0.553472 0.292593 0.047222 0.050000
2 0.538542 0.359259 0.124306 0.094444
0 0.439236 0.249074 0.071528 0.051852
4 0.675000 0.461111 0.048611 0.075926
