3 0.627083 0.205093 0.033333 0.062037
3 0.543403 0.324074 0.020139 0.055556
4 0.607986 0.236574 0.036806 0.065741
8 0.634722 0.303704 0.133333 0.144444
7 0.574653 0.458333 0.109028 0.127778
6 0.643056 0.237037 0.026389 0.029630
6 0.495486 0.465278 0.061806 0.080556
6 0.518750 0.378704 0.047222 0.051852
6 0.549306 0.570370 0.045833 0.055556
0 0.539931 0.512037 0.071528 0.081481
1 0.502431 0.395833 0.047917 0.054630
1 0.540972 0.410185 0.047222 0.057407
2 0.593750 0.365278 0.104167 0.126852
5 0.709375 0.321759 0.024306 0.045370
9 0.533681 0.609722 0.039583 0.052778
