3 0.542708 0.214352 0.034028 0.069444
3 0.505903 0.359722 0.025694 0.056481
4 0.534722 0.250000 0.033333 0.066667
1 0.500694 0.446759 0.051389 0.049074
1 0.538889 0.448611 0.031944 0.076852
0 0.571875 0.541204 0.072917 0.060185
7 0.585417 0.469907 0.087500 0.121296
8 0.572917 0.296759 0.131944 0.141667
2 0.568056 0.377778 0.112500 0.096296
5 0.649653 0.290741 0.025694 0.050000
6 0.567361 0.231481 0.026389 0.038889
6 0.503125 0.422685 0.052083 0.037963
6 0.507292 0.518519 0.052083 0.092593
6 0.590278 0.594444 0.050000 0.048148
9 0.592708 0.635648 0.035417 0.047222
