9 0.652083 0.168056 0.030556 0.030556
6 0.631250 0.182407 0.033333 0.042593
6 0.672917 0.308333 0.072222 0.064815
6 0.614236 0.384722 0.053472 0.075000
6 0.334722 0.550926 0.061111 0.050000
3 0.334028 0.637963 0.063889 0.137037
3 0.551736 0.488889 0.035417 0.090741
4 0.395486 0.591667 0.064583 0.118519
5 0.279167 0.416204 0.047222 0.037963
8 0.393750 0.410185 0.197222 0.207407
2 0.509722 0.362500 0.137500 0.180556
1 0.602431 0.303241 0.064583 0.062037
1 0.654514 0.339815 0.064583 0.074074
7 0.562153 0.249074 0.132639 0.101852
0 0.630208 0.212037 0.075694 0.075926
