0 0.574306 0.561111 0.059722 0.081481
1 0.500694 0.548148 0.047222 0.057407
1 0.485417 0.595833 0.044444 0.060185
5 0.408681 0.316204 0.021528 0.032407
8 0.412500 0.403704 0.119444 0.155556
6 0.336111 0.391667 0.034722 0.040741
6 0.466667 0.571296 0.036111 0.059259
6 0.528472 0.609259 0.051389 0.068519
6 0.611458 0.556944 0.028472 0.041667
9 0.636806 0.574537 0.029167 0.037963
7 0.535764 0.507870 0.093750 0.121296
2 0.456944 0.483796 0.098611 0.125000
3 0.405208 0.531019 0.021528 0.026852
3 0.299653 0.401852 0.034028 0.042593
4 0.325694 0.435185 0.033333 0.040741
