8 0.530208 0.452315 0.136806 0.176852
5 0.481250 0.544444 0.025000 0.055556
3 0.645139 0.540741 0.054167 0.094444
3 0.595486 0.371759 0.027083 0.062037
4 0.635417 0.493981 0.044444 0.099074
6 0.604861 0.534722 0.033333 0.080556
6 0.519444 0.241204 0.048611 0.049074
6 0.419097 0.223148 0.042361 0.038889
6 0.557986 0.293056 0.054861 0.049074
1 0.517014 0.268519 0.035417 0.057407
7 0.466667 0.285648 0.093056 0.106481
0 0.455208 0.219907 0.070139 0.045370
9 0.406250 0.206019 0.023611 0.047222
1 0.551736 0.249074 0.043750 0.038889
2 0.521528 0.357407 0.130556 0.083333
