0 0.397222 0.622222 0.043056 0.090741
1 0.473611 0.530556 0.033333 0.070370
1 0.477083 0.581944 0.051389 0.041667
2 0.540278 0.622685 0.081944 0.149074
3 0.720139 0.596759 0.045833 0.050926
3 0.571181 0.539352 0.028472 0.034259
4 0.680208 0.584722 0.046528 0.050926
6 0.363542 0.649537 0.028472 0.054630
6 0.428125 0.542130 0.060417 0.075000
6 0.497917 0.540278 0.034722 0.065741
6 0.695139 0.633333 0.041667 0.035185
7 0.456250 0.647222 0.098611 0.107407
8 0.616667 0.670370 0.116667 0.153704
9 0.335764 0.645370 0.040972 0.042593
5 0.652431 0.761111 0.039583 0.027778
