3 0.519097 0.779167 0.046528 0.089815
3 0.595833 0.601852 0.027778 0.057407
4 0.538889 0.727315 0.048611 0.075000
6 0.494444 0.736574 0.038889 0.075000
6 0.610069 0.511574 0.050694 0.062037
6 0.618750 0.427778 0.052778 0.061111
6 0.556597 0.344907 0.035417 0.047222
2 0.541319 0.532407 0.109028 0.138889
1 0.581944 0.460648 0.040278 0.062037
1 0.622222 0.471759 0.055556 0.063889
7 0.538194 0.432870 0.098611 0.132407
8 0.486458 0.608796 0.136806 0.176852
5 0.408333 0.652778 0.037500 0.048148
9 0.559722 0.320370 0.033333 0.040741
0 0.569444 0.381019 0.069444 0.076852
