3 0.767708 0.859722 0.060417 0.073148
3 0.697917 0.605093 0.047222 0.043519
4 0.745486 0.793056 0.063194 0.076852
9 0.440972 0.358333 0.037500 0.061111
5 0.585764 0.877315 0.034028 0.075000
6 0.465625 0.397685 0.049306 0.050926
6 0.589931 0.409722 0.082639 0.102778
6 0.648264 0.504630 0.056250 0.057407
6 0.723958 0.857407 0.047917 0.077778
7 0.530903 0.522222 0.122917 0.162963
8 0.629861 0.759259 0.179167 0.216667
2 0.604167 0.615741 0.166667 0.129630
0 0.514583 0.418519 0.083333 0.088889
1 0.639583 0.460648 0.069444 0.062037
1 0.599653 0.498611 0.052083 0.087963
