3 0.288889 0.387037 0.045833 0.094444
2 0.497917 0.405556 0.104167 0.150000
4 0.330556 0.410648 0.050000 0.089815
8 0.423611 0.350000 0.140278 0.155556
7 0.604514 0.394444 0.107639 0.100000
6 0.628819 0.506944 0.072917 0.067593
6 0.706250 0.439352 0.031944 0.060185
3 0.449306 0.481944 0.029167 0.075000
1 0.573958 0.433796 0.059028 0.050926
1 0.573611 0.484259 0.044444 0.066667
6 0.329167 0.358796 0.044444 0.034259
6 0.538889 0.475926 0.038889 0.062963
9 0.742361 0.458333 0.043056 0.061111
0 0.670833 0.431019 0.048611 0.080556
