0 0.430903 0.637500 0.092361 0.119444
1 0.396528 0.452315 0.070833 0.093519
1 0.450000 0.481481 0.068056 0.090741
5 0.711806 0.328241 0.040278 0.039815
8 0.618750 0.316204 0.172222 0.232407
9 0.413194 0.763426 0.041667 0.052778
6 0.431597 0.710648 0.045139 0.062037
6 0.381597 0.535648 0.081250 0.104630
6 0.427083 0.417593 0.055556 0.074074
6 0.634028 0.177315 0.038889 0.052778
3 0.624653 0.107407 0.052083 0.066667
4 0.587500 0.153704 0.052778 0.059259
3 0.475347 0.296759 0.031250 0.037963
2 0.527431 0.408333 0.139583 0.190741
7 0.492708 0.559722 0.138194 0.191667
