6 0.582986 0.381019 0.031250 0.017593
0 0.559375 0.354630 0.054861 0.040741
6 0.505556 0.348148 0.043056 0.051852
1 0.492361 0.304167 0.038889 0.034259
1 0.523264 0.296296 0.020139 0.048148
7 0.564931 0.306481 0.052083 0.066667
6 0.493750 0.280556 0.034722 0.016667
3 0.485417 0.251852 0.018056 0.038889
2 0.536111 0.253241 0.079167 0.047222
3 0.499306 0.150926 0.025000 0.022222
4 0.496181 0.183333 0.024306 0.038889
6 0.520139 0.175000 0.013889 0.018519
8 0.548958 0.206019 0.071528 0.062037
5 0.591667 0.204630 0.006944 0.016667
