9 0.489583 0.558796 0.033333 0.058333
0 0.506250 0.480093 0.070833 0.119444
6 0.473611 0.418056 0.063889 0.082407
6 0.512500 0.342593 0.044444 0.050000
6 0.654514 0.248148 0.027083 0.031481
7 0.552083 0.444907 0.102778 0.160185
2 0.581250 0.355093 0.105556 0.128704
8 0.642014 0.317593 0.118750 0.148148
5 0.706944 0.337500 0.029167 0.039815
3 0.641319 0.221759 0.032639 0.060185
3 0.544444 0.300926 0.022222 0.048148
4 0.616667 0.242130 0.034722 0.058333
1 0.490972 0.358333 0.050000 0.066667
1 0.523958 0.375000 0.049306 0.062963
6 0.506944 0.518519 0.041667 0.066667
