6 0.614583 0.522685 0.041667 0.026852
6 0.523958 0.468519 0.049306 0.040741
6 0.517361 0.394444 0.033333 0.016667
6 0.567014 0.274537 0.015972 0.015741
3 0.544792 0.248148 0.028472 0.025926
3 0.514583 0.359722 0.020833 0.043519
4 0.537847 0.284259 0.027083 0.042593
8 0.595139 0.309722 0.090278 0.056481
5 0.648264 0.314815 0.009028 0.024074
2 0.572917 0.364815 0.088889 0.053704
7 0.602083 0.427778 0.068056 0.066667
0 0.589931 0.477778 0.063194 0.029630
1 0.551389 0.411574 0.025000 0.054630
1 0.512847 0.415741 0.047917 0.038889
