6 0.635417 0.558796 0.069444 0.082407
6 0.670139 0.449537 0.026389 0.067593
6 0.555903 0.575463 0.029861 0.086111
6 0.327778 0.547222 0.045833 0.046296
7 0.582292 0.456944 0.103472 0.102778
1 0.591667 0.567593 0.030556 0.075926
1 0.575347 0.516204 0.059028 0.041667
3 0.303472 0.590741 0.050000 0.087037
3 0.478472 0.608796 0.029167 0.060185
4 0.347569 0.594444 0.046528 0.081481
2 0.496181 0.513426 0.071528 0.165741
9 0.700000 0.450926 0.033333 0.057407
0 0.644097 0.465278 0.036806 0.082407
5 0.350347 0.425926 0.025694 0.018519
8 0.409722 0.492593 0.113889 0.151852
