3 0.646528 0.617130 0.048611 0.082407
3 0.581250 0.456944 0.026389 0.056481
4 0.628819 0.573611 0.042361 0.075000
1 0.501736 0.375926 0.035417 0.057407
1 0.529514 0.353704 0.047917 0.044444
9 0.387153 0.319444 0.025694 0.048148
6 0.400694 0.333333 0.033333 0.037037
6 0.496528 0.334259 0.056944 0.062963
6 0.610069 0.612963 0.038194 0.066667
6 0.539236 0.393519 0.040972 0.048148
7 0.455903 0.395370 0.090972 0.111111
0 0.433333 0.333796 0.069444 0.060185
2 0.513542 0.463426 0.120139 0.104630
8 0.538542 0.549537 0.129861 0.165741
5 0.511806 0.650463 0.022222 0.071296
