0 0.532292 0.389815 0.065972 0.062963
1 0.551042 0.490278 0.035417 0.063889
1 0.589583 0.493981 0.048611 0.050926
2 0.514931 0.567593 0.110417 0.118519
3 0.567361 0.617130 0.031944 0.037963
3 0.512847 0.805093 0.039583 0.054630
9 0.515972 0.307870 0.029167 0.043519
6 0.513542 0.345370 0.036806 0.037037
6 0.580903 0.433333 0.054861 0.074074
6 0.577083 0.525926 0.044444 0.044444
7 0.508333 0.456944 0.087500 0.126852
6 0.489236 0.763889 0.029861 0.051852
4 0.525347 0.750463 0.043750 0.060185
5 0.404514 0.691204 0.022917 0.050926
8 0.474653 0.658333 0.111806 0.159259
