0 0.337500 0.671759 0.065278 0.125000
1 0.445139 0.543056 0.047222 0.097222
1 0.449306 0.618519 0.069444 0.061111
2 0.537847 0.675463 0.113194 0.204630
3 0.782292 0.641204 0.067361 0.071296
3 0.581250 0.558796 0.036111 0.043519
4 0.729861 0.620370 0.068056 0.070370
6 0.290972 0.707407 0.038889 0.072222
6 0.382639 0.561574 0.086111 0.106481
6 0.484375 0.559722 0.040972 0.087963
6 0.748611 0.688889 0.048611 0.050000
7 0.421181 0.705556 0.136806 0.153704
8 0.644444 0.738426 0.165278 0.210185
9 0.250000 0.707407 0.048611 0.044444
5 0.687500 0.856481 0.045833 0.031481
