0 0.407986 0.565278 0.046528 0.082407
1 0.485764 0.502315 0.035417 0.062037
1 0.482639 0.548611 0.044444 0.045370
2 0.532986 0.599537 0.086806 0.136111
3 0.694097 0.620833 0.042361 0.045370
3 0.571528 0.536111 0.025000 0.031481
4 0.660764 0.600463 0.042361 0.043519
6 0.376042 0.581481 0.031250 0.048148
6 0.444444 0.502778 0.054167 0.068519
6 0.509028 0.517130 0.031944 0.060185
6 0.667014 0.645833 0.034028 0.036111
7 0.455903 0.600463 0.089583 0.112037
8 0.592708 0.659259 0.114583 0.146296
9 0.346528 0.575463 0.031944 0.036111
5 0.612153 0.746296 0.034028 0.029630
