6 0.280903 0.446296 0.042361 0.046296
6 0.495833 0.605093 0.037500 0.080556
6 0.581944 0.620833 0.069444 0.089815
6 0.669097 0.517593 0.031250 0.066667
9 0.700347 0.523148 0.047917 0.040741
1 0.530556 0.558796 0.058333 0.058333
1 0.526389 0.624074 0.043056 0.077778
0 0.627083 0.535648 0.050000 0.110185
7 0.562847 0.495833 0.121528 0.149074
2 0.460069 0.503241 0.109028 0.175000
3 0.411458 0.587500 0.024306 0.034259
3 0.241319 0.478704 0.045139 0.055556
4 0.282639 0.505093 0.045833 0.056481
8 0.376736 0.424537 0.147917 0.186111
5 0.353125 0.321759 0.035417 0.036111
