3 0.751736 0.889815 0.063194 0.070370
3 0.691319 0.631481 0.047917 0.040741
4 0.730208 0.820833 0.070139 0.069444
5 0.570486 0.900463 0.035417 0.080556
9 0.439931 0.366667 0.036806 0.062963
8 0.621528 0.783796 0.159722 0.217593
6 0.465972 0.406481 0.058333 0.055556
6 0.588542 0.425926 0.079861 0.098148
6 0.644444 0.528704 0.063889 0.053704
6 0.712500 0.885185 0.040278 0.081481
7 0.525694 0.531019 0.120833 0.167593
0 0.506597 0.435185 0.095139 0.075926
2 0.599306 0.637037 0.162500 0.138889
1 0.593750 0.519907 0.055556 0.091667
1 0.637847 0.475000 0.071528 0.068519
