9 0.431250 0.509259 0.034722 0.059259
6 0.454861 0.483333 0.031944 0.072222
6 0.451389 0.386574 0.061111 0.075000
6 0.500000 0.326852 0.031944 0.042593
6 0.657639 0.285185 0.026389 0.037037
0 0.468750 0.448148 0.051389 0.120370
7 0.516667 0.425926 0.097222 0.131481
2 0.562847 0.355556 0.082639 0.122222
3 0.543750 0.295833 0.022222 0.025000
3 0.653125 0.251852 0.031250 0.051852
4 0.623958 0.265278 0.032639 0.043519
5 0.689931 0.374074 0.029861 0.033333
1 0.476042 0.337500 0.035417 0.060185
1 0.504167 0.356481 0.043056 0.042593
8 0.626042 0.331019 0.113194 0.125000
