3 0.622222 0.607407 0.044444 0.083333
3 0.562847 0.449074 0.031250 0.062963
4 0.605903 0.556481 0.047917 0.075926
1 0.486806 0.361111 0.041667 0.061111
1 0.514931 0.337500 0.050694 0.045370
6 0.487153 0.324074 0.056250 0.055556
6 0.394444 0.313426 0.031944 0.041667
6 0.526042 0.379167 0.043750 0.047222
6 0.584375 0.598611 0.034028 0.069444
8 0.511806 0.534722 0.133333 0.156481
7 0.446181 0.379167 0.082639 0.104630
2 0.498958 0.443981 0.125694 0.102778
0 0.425694 0.319907 0.059722 0.060185
5 0.485417 0.629167 0.023611 0.065741
9 0.376736 0.303704 0.022917 0.053704
