9 0.427083 0.578704 0.048611 0.077778
6 0.456250 0.538889 0.047222 0.087037
6 0.442014 0.399074 0.078472 0.096296
6 0.502778 0.318519 0.044444 0.059259
0 0.467361 0.486574 0.081944 0.158333
7 0.534375 0.451852 0.127083 0.188889
2 0.586806 0.349074 0.119444 0.157407
8 0.670486 0.313889 0.147917 0.162963
5 0.753819 0.358796 0.036806 0.041667
3 0.690625 0.203704 0.039583 0.070370
4 0.658333 0.225926 0.044444 0.062963
6 0.701389 0.243519 0.025000 0.037037
3 0.553819 0.270370 0.027083 0.037037
1 0.472917 0.338426 0.052778 0.084259
1 0.508681 0.360185 0.064583 0.074074
