9 0.471528 0.653241 0.038889 0.039815
6 0.502431 0.622222 0.038194 0.059259
6 0.506250 0.468519 0.068056 0.077778
6 0.568056 0.402315 0.038889 0.060185
6 0.781597 0.322685 0.035417 0.034259
0 0.519444 0.566204 0.055556 0.110185
7 0.584722 0.532407 0.113889 0.133333
1 0.543750 0.411111 0.037500 0.077778
1 0.573611 0.456944 0.058333 0.054630
2 0.649306 0.437963 0.090278 0.159259
3 0.634375 0.339352 0.022917 0.037963
3 0.789583 0.266204 0.038889 0.049074
4 0.749653 0.285185 0.039583 0.050000
8 0.739236 0.415741 0.136806 0.172222
5 0.801389 0.468981 0.041667 0.028704
