0 0.432292 0.835185 0.138194 0.096296
1 0.272222 0.652778 0.101389 0.079630
1 0.355556 0.628704 0.056944 0.131481
5 0.567361 0.157407 0.026389 0.092593
8 0.443403 0.244907 0.206250 0.284259
6 0.385417 0.063889 0.043056 0.077778
6 0.286806 0.568519 0.087500 0.068519
6 0.311111 0.766667 0.097222 0.146296
6 0.484375 0.910185 0.072917 0.064815
4 0.309722 0.087037 0.065278 0.085185
3 0.269097 0.378241 0.046528 0.060185
2 0.397222 0.450000 0.206944 0.200000
9 0.497222 0.976852 0.031944 0.046296
7 0.459375 0.671296 0.135417 0.246296
