6 0.424306 0.177315 0.030556 0.052778
6 0.468403 0.468981 0.053472 0.047222
6 0.512153 0.566204 0.064583 0.093519
6 0.625694 0.591667 0.048611 0.040741
9 0.644792 0.635185 0.031250 0.053704
1 0.475694 0.509259 0.058333 0.051852
1 0.514236 0.475463 0.038194 0.073148
0 0.589236 0.557870 0.075694 0.063889
7 0.572917 0.469907 0.095833 0.143519
2 0.504514 0.374074 0.120139 0.109259
3 0.385417 0.156019 0.040278 0.052778
3 0.425000 0.375000 0.027778 0.035185
4 0.393403 0.209259 0.039583 0.050000
8 0.493403 0.252315 0.125694 0.180556
5 0.537153 0.164815 0.011806 0.042593
