3 0.716667 0.478704 0.040278 0.085185
3 0.593403 0.395370 0.027083 0.057407
4 0.684722 0.450926 0.038889 0.062963
8 0.616319 0.486111 0.115972 0.174074
9 0.365278 0.413426 0.037500 0.058333
5 0.638194 0.586574 0.041667 0.047222
7 0.477083 0.432870 0.100000 0.132407
6 0.467014 0.351389 0.053472 0.054630
6 0.390625 0.419907 0.036806 0.065741
6 0.532639 0.362500 0.038889 0.045370
6 0.688889 0.497222 0.044444 0.055556
2 0.551736 0.433796 0.097917 0.132407
1 0.509375 0.341204 0.038194 0.047222
1 0.504167 0.379630 0.044444 0.048148
0 0.429514 0.407407 0.049306 0.111111
