9 0.576389 0.698148 0.027778 0.051852
6 0.575000 0.647222 0.041667 0.038889
6 0.481250 0.557407 0.056944 0.092593
6 0.537500 0.166667 0.022222 0.048148
6 0.471528 0.446296 0.051389 0.048148
0 0.549306 0.593519 0.076389 0.055556
1 0.467708 0.482407 0.056250 0.048148
1 0.512847 0.475000 0.032639 0.070370
7 0.565972 0.506481 0.087500 0.142593
2 0.537847 0.386574 0.117361 0.110185
3 0.466319 0.335185 0.027083 0.031481
3 0.505208 0.122222 0.040972 0.051852
4 0.497569 0.173611 0.039583 0.047222
8 0.570139 0.271759 0.120833 0.169444
5 0.639931 0.229167 0.015972 0.052778
