9 0.543403 0.662500 0.032639 0.058333
6 0.553125 0.612037 0.045139 0.048148
6 0.492014 0.482870 0.063194 0.082407
6 0.519444 0.377315 0.051389 0.062037
6 0.654514 0.157870 0.031250 0.043519
0 0.546181 0.550926 0.078472 0.088889
7 0.586458 0.476389 0.107639 0.149074
1 0.545486 0.419907 0.045139 0.069444
1 0.500000 0.405093 0.055556 0.062037
2 0.597222 0.356019 0.113889 0.143519
3 0.543056 0.276852 0.022222 0.033333
3 0.639236 0.106019 0.042361 0.050926
4 0.615278 0.145833 0.038889 0.045370
8 0.659028 0.268519 0.137500 0.181481
5 0.731250 0.261574 0.031944 0.037963
