3 0.626042 0.632407 0.050694 0.085185
3 0.571875 0.472222 0.028472 0.068519
4 0.613194 0.587963 0.038889 0.083333
1 0.496528 0.382870 0.038889 0.054630
1 0.526042 0.360648 0.050694 0.043519
6 0.492708 0.339352 0.060417 0.063889
6 0.401389 0.334259 0.038889 0.040741
6 0.590972 0.623148 0.037500 0.061111
6 0.535069 0.400463 0.049306 0.054630
9 0.387847 0.317593 0.029861 0.050000
0 0.428819 0.338889 0.067361 0.059259
7 0.451389 0.399074 0.087500 0.103704
2 0.500000 0.463426 0.119444 0.106481
8 0.521875 0.557407 0.128472 0.172222
5 0.490625 0.651389 0.029861 0.058333
