0 0.663194 0.438889 0.051389 0.088889
1 0.581944 0.460648 0.055556 0.050926
1 0.581250 0.514352 0.040278 0.067593
3 0.340972 0.401389 0.037500 0.043519
4 0.375694 0.424074 0.036111 0.046296
3 0.482292 0.486574 0.022917 0.026852
6 0.552431 0.498611 0.031250 0.060185
6 0.371875 0.375463 0.036806 0.037963
6 0.625694 0.509722 0.055556 0.069444
6 0.696528 0.419444 0.027778 0.048148
5 0.424653 0.261574 0.029861 0.026852
8 0.453125 0.352315 0.120139 0.160185
2 0.522917 0.414352 0.091667 0.143519
7 0.606597 0.402778 0.104861 0.116667
9 0.727083 0.424074 0.029167 0.031481
