3 0.569444 0.206481 0.034722 0.066667
3 0.515972 0.344907 0.019444 0.067593
4 0.557639 0.239352 0.031944 0.069444
1 0.501042 0.431019 0.046528 0.049074
1 0.542361 0.432870 0.031944 0.065741
6 0.513194 0.405093 0.043056 0.043519
6 0.503819 0.500926 0.059028 0.088889
6 0.580556 0.587500 0.051389 0.043519
6 0.591667 0.226852 0.026389 0.029630
7 0.587153 0.462963 0.095139 0.129630
0 0.562847 0.535185 0.075694 0.070370
2 0.576389 0.371759 0.111111 0.102778
8 0.594792 0.291667 0.136806 0.159259
5 0.667708 0.295833 0.035417 0.049074
9 0.581597 0.630556 0.031250 0.048148
