3 0.596528 0.680556 0.048611 0.083333
3 0.568056 0.504167 0.026389 0.063889
4 0.588194 0.624537 0.047222 0.071296
9 0.408333 0.310185 0.018056 0.044444
6 0.506944 0.354630 0.050000 0.061111
6 0.420139 0.330556 0.041667 0.038889
6 0.539236 0.422685 0.052083 0.049074
6 0.560417 0.665278 0.033333 0.080556
8 0.495486 0.582407 0.125694 0.159259
5 0.453472 0.667130 0.018056 0.060185
2 0.498611 0.489352 0.122222 0.087963
0 0.448264 0.342130 0.061806 0.056481
8 0.453819 0.406481 0.074306 0.109259
1 0.502431 0.400926 0.035417 0.072222
1 0.532986 0.384259 0.050694 0.040741
