9 0.767014 0.349537 0.047917 0.030556
6 0.726042 0.352315 0.032639 0.075000
6 0.656597 0.460185 0.092361 0.081481
6 0.540278 0.451852 0.037500 0.068519
6 0.236458 0.356944 0.057639 0.034259
3 0.182292 0.407407 0.060417 0.127778
3 0.420139 0.483796 0.037500 0.099074
4 0.243056 0.426389 0.062500 0.119444
8 0.351389 0.328704 0.168056 0.201852
2 0.467361 0.364815 0.112500 0.190741
1 0.572917 0.382870 0.076389 0.050926
1 0.587153 0.445833 0.045139 0.087963
7 0.596528 0.326389 0.129167 0.104630
0 0.686458 0.353704 0.046528 0.096296
