0 0.648611 0.506481 0.036111 0.079630
1 0.580556 0.547685 0.045833 0.036111
1 0.587500 0.596296 0.029167 0.057407
3 0.356597 0.562963 0.032639 0.044444
3 0.496875 0.597222 0.018750 0.025926
9 0.703819 0.474074 0.027083 0.022222
6 0.676389 0.478241 0.022222 0.043519
6 0.626736 0.578241 0.047917 0.060185
6 0.560764 0.590741 0.022917 0.055556
6 0.380556 0.526852 0.036111 0.027778
8 0.450694 0.489352 0.100000 0.128704
5 0.413542 0.411574 0.035417 0.021296
2 0.519792 0.520370 0.068750 0.124074
7 0.596181 0.488889 0.085417 0.092593
4 0.392361 0.571296 0.034722 0.040741
