0 0.493056 0.444907 0.066667 0.045370
1 0.545833 0.527778 0.031944 0.066667
1 0.582986 0.506019 0.052083 0.037963
2 0.536458 0.619907 0.110417 0.078704
3 0.605903 0.632870 0.031250 0.037963
3 0.619097 0.843981 0.045139 0.056481
9 0.450347 0.377315 0.018750 0.045370
6 0.461458 0.414352 0.038194 0.037963
6 0.556944 0.456944 0.051389 0.078704
6 0.583333 0.544444 0.050000 0.033333
6 0.582986 0.820370 0.027083 0.050000
4 0.612153 0.785648 0.043750 0.060185
5 0.477431 0.806944 0.020139 0.060185
8 0.531597 0.734722 0.115972 0.147222
7 0.495833 0.521759 0.069444 0.119444
