3 0.373958 0.688889 0.047917 0.090741
4 0.417708 0.664815 0.046528 0.077778
3 0.537500 0.610648 0.034722 0.058333
8 0.436806 0.529167 0.136111 0.176852
5 0.357292 0.512500 0.042361 0.036111
2 0.520139 0.512500 0.097222 0.173148
1 0.590972 0.479630 0.058333 0.062963
1 0.627083 0.515278 0.047222 0.080556
7 0.577431 0.425463 0.109028 0.123148
6 0.630556 0.402778 0.051389 0.094444
9 0.656250 0.362500 0.036111 0.063889
6 0.637847 0.368519 0.034028 0.057407
6 0.649306 0.479630 0.063889 0.079630
6 0.593403 0.537963 0.045139 0.075926
6 0.381597 0.633796 0.053472 0.049074
