9 0.762847 0.409722 0.046528 0.032407
6 0.717014 0.402778 0.043750 0.074074
6 0.599306 0.478241 0.084722 0.082407
6 0.489583 0.432870 0.051389 0.067593
6 0.271528 0.266204 0.044444 0.037963
3 0.219792 0.293056 0.052083 0.112037
3 0.383681 0.419907 0.032639 0.093519
4 0.260069 0.321296 0.053472 0.098148
8 0.382639 0.263426 0.168056 0.187963
2 0.461111 0.332407 0.140278 0.170370
1 0.527431 0.438889 0.061806 0.083333
1 0.539236 0.376389 0.070139 0.062037
7 0.587500 0.335648 0.141667 0.126852
0 0.664931 0.388426 0.072917 0.099074
