6 0.394444 0.193519 0.029167 0.051852
6 0.461806 0.475926 0.054167 0.055556
6 0.515972 0.569907 0.065278 0.095370
6 0.629514 0.573148 0.046528 0.046296
9 0.652431 0.611574 0.032639 0.052778
1 0.508333 0.473148 0.043056 0.077778
1 0.474653 0.517593 0.054861 0.057407
0 0.588889 0.545370 0.080556 0.077778
7 0.566319 0.461111 0.100694 0.150000
2 0.488194 0.378704 0.125000 0.127778
3 0.352778 0.177778 0.038889 0.051852
3 0.411806 0.391667 0.030556 0.038889
4 0.367014 0.228704 0.042361 0.053704
8 0.469097 0.254167 0.131250 0.191667
5 0.504514 0.165741 0.017361 0.040741
