0 0.662500 0.469444 0.043056 0.100000
1 0.579861 0.527315 0.054167 0.036111
1 0.589236 0.590278 0.034028 0.073148
3 0.290972 0.569907 0.040278 0.054630
3 0.472569 0.600463 0.027083 0.036111
9 0.729167 0.423148 0.033333 0.027778
6 0.696181 0.432407 0.025694 0.057407
6 0.637153 0.563426 0.060417 0.073148
6 0.554514 0.584722 0.027083 0.067593
6 0.320833 0.520833 0.041667 0.036111
4 0.339236 0.576389 0.043750 0.050926
2 0.500000 0.500000 0.084722 0.159259
8 0.406250 0.468519 0.123611 0.161111
5 0.356597 0.372685 0.047917 0.025000
7 0.594792 0.452778 0.106250 0.111111
