6 0.457639 0.159722 0.025000 0.054630
6 0.469444 0.453704 0.054167 0.042593
6 0.504514 0.557870 0.061806 0.093519
6 0.616319 0.601852 0.046528 0.038889
0 0.580903 0.563426 0.074306 0.050926
1 0.475000 0.494444 0.056944 0.042593
1 0.515972 0.467130 0.033333 0.069444
7 0.574306 0.471759 0.084722 0.137963
2 0.517361 0.367130 0.112500 0.095370
3 0.437847 0.353704 0.027083 0.033333
3 0.420139 0.129630 0.040278 0.050000
4 0.423611 0.185185 0.040278 0.048148
8 0.515278 0.243056 0.119444 0.163889
5 0.569792 0.168981 0.014583 0.039815
9 0.630208 0.648611 0.024306 0.047222
