8 0.554514 0.520370 0.138194 0.170370
3 0.642361 0.669444 0.056944 0.112963
2 0.582639 0.440278 0.115278 0.102778
7 0.547917 0.362037 0.088889 0.114815
6 0.637847 0.407407 0.053472 0.051852
3 0.655556 0.489352 0.031944 0.071296
1 0.602431 0.369907 0.031250 0.060185
6 0.533333 0.286111 0.034722 0.033333
5 0.474306 0.597222 0.029167 0.068519
6 0.621528 0.332407 0.051389 0.033333
6 0.598611 0.641667 0.036111 0.085185
9 0.531597 0.268519 0.018750 0.018519
4 0.647917 0.600463 0.048611 0.060185
0 0.561806 0.305093 0.065278 0.045370
1 0.643750 0.368519 0.052778 0.053704
