2 0.538542 0.476389 0.096528 0.156481
8 0.440278 0.489352 0.147222 0.158333
3 0.361111 0.636574 0.054167 0.112037
4 0.413194 0.619907 0.050000 0.095370
7 0.600000 0.400463 0.105556 0.076852
3 0.551042 0.581019 0.031250 0.075000
6 0.685417 0.471296 0.059722 0.059259
1 0.656597 0.490278 0.046528 0.063889
9 0.693750 0.364352 0.027778 0.032407
6 0.621181 0.512500 0.039583 0.058333
1 0.619444 0.454167 0.061111 0.056481
0 0.663542 0.393519 0.057639 0.085185
6 0.673264 0.369444 0.029861 0.046296
6 0.371875 0.573611 0.052083 0.037963
5 0.356250 0.464815 0.037500 0.031481
