2 0.498611 0.359259 0.113889 0.135185
7 0.603819 0.369907 0.113194 0.108333
3 0.303472 0.309722 0.045833 0.089815
8 0.435417 0.293056 0.141667 0.137963
3 0.436458 0.420370 0.029861 0.074074
6 0.607639 0.480093 0.072222 0.065741
1 0.552431 0.445370 0.052083 0.064815
6 0.702778 0.431944 0.036111 0.063889
4 0.337500 0.336111 0.045833 0.083333
1 0.561458 0.399074 0.056250 0.051852
0 0.663194 0.418981 0.058333 0.086111
6 0.344444 0.294444 0.038889 0.038889
6 0.520833 0.429630 0.044444 0.057407
9 0.736806 0.449074 0.044444 0.050000
