3 0.664931 0.235648 0.036806 0.076852
3 0.563542 0.326389 0.020139 0.063889
4 0.639931 0.260648 0.036806 0.065741
5 0.720486 0.363426 0.031250 0.032407
9 0.489236 0.587963 0.046528 0.048148
6 0.509028 0.549537 0.045833 0.067593
6 0.484028 0.437037 0.065278 0.074074
6 0.523958 0.362037 0.047917 0.055556
6 0.680556 0.269907 0.031944 0.043519
7 0.562847 0.459259 0.106250 0.129630
0 0.515278 0.489815 0.063889 0.088889
1 0.505903 0.377778 0.046528 0.062963
1 0.537847 0.400463 0.046528 0.062037
2 0.593750 0.376389 0.095833 0.130556
8 0.657986 0.331944 0.120139 0.149074
