9 0.412153 0.278704 0.025694 0.061111
6 0.434375 0.279630 0.029861 0.048148
6 0.522569 0.254630 0.057639 0.055556
6 0.580556 0.289815 0.037500 0.059259
6 0.703125 0.456481 0.045139 0.064815
4 0.711111 0.404167 0.048611 0.062037
3 0.741319 0.445833 0.047917 0.093519
3 0.636458 0.331019 0.024306 0.054630
8 0.627083 0.423611 0.133333 0.167593
5 0.621528 0.515741 0.040278 0.053704
2 0.579167 0.352315 0.108333 0.113889
1 0.546181 0.279630 0.045139 0.053704
1 0.563889 0.255556 0.045833 0.046296
7 0.506944 0.310648 0.097222 0.106481
0 0.473611 0.279630 0.058333 0.081481
