2 0.505208 0.434722 0.095139 0.152778
8 0.418750 0.395370 0.137500 0.159259
3 0.282986 0.452778 0.052083 0.101852
7 0.607639 0.408333 0.105556 0.092593
3 0.466319 0.522222 0.031250 0.074074
4 0.330208 0.469444 0.052083 0.092593
6 0.648611 0.522222 0.073611 0.064815
0 0.678472 0.440741 0.038889 0.083333
1 0.587500 0.457870 0.058333 0.047222
6 0.558333 0.508796 0.036111 0.058333
9 0.742361 0.449537 0.041667 0.049074
6 0.710764 0.439815 0.031250 0.062963
6 0.322917 0.414352 0.041667 0.028704
1 0.595833 0.511111 0.036111 0.074074
