0 0.517014 0.378704 0.100694 0.066667
1 0.585764 0.520370 0.038194 0.100000
1 0.645486 0.494907 0.072917 0.054630
2 0.558333 0.664352 0.165278 0.136111
3 0.659375 0.697222 0.049306 0.064815
9 0.460069 0.266204 0.025694 0.069444
6 0.471181 0.324074 0.060417 0.051852
6 0.611806 0.413426 0.077778 0.128704
6 0.637153 0.553241 0.074306 0.060185
6 0.597222 0.968519 0.037500 0.062963
4 0.650000 0.928241 0.061111 0.100926
5 0.442014 0.917593 0.024306 0.090741
8 0.532986 0.833796 0.175694 0.230556
7 0.506944 0.500463 0.109722 0.191667
