0 0.720833 0.489352 0.084722 0.160185
1 0.630208 0.646759 0.092361 0.087963
1 0.665972 0.724537 0.075000 0.126852
2 0.500000 0.658796 0.136111 0.275000
3 0.498958 0.828241 0.050694 0.084259
3 0.223264 0.925926 0.079861 0.129630
9 0.785764 0.367593 0.067361 0.050000
7 0.612500 0.524074 0.181944 0.203704
6 0.721875 0.645370 0.095139 0.125926
6 0.242361 0.837500 0.065278 0.069444
5 0.232639 0.585648 0.072222 0.028704
8 0.342708 0.693056 0.222917 0.276852
6 0.748264 0.408333 0.045139 0.088889
6 0.614236 0.740741 0.049306 0.103704
4 0.290278 0.914815 0.066667 0.094444
