3 0.932639 0.612963 0.073611 0.107407
3 0.729861 0.467593 0.066667 0.061111
4 0.874306 0.580093 0.086111 0.104630
6 0.884722 0.658333 0.073611 0.074074
6 0.515278 0.400463 0.102778 0.137963
6 0.625694 0.422685 0.079167 0.117593
6 0.394792 0.528241 0.064583 0.095370
7 0.534028 0.569907 0.163889 0.237963
9 0.348264 0.521759 0.071528 0.075000
5 0.778819 0.813889 0.088194 0.079630
1 0.588889 0.388426 0.083333 0.125000
1 0.582292 0.481944 0.103472 0.104630
0 0.456944 0.506019 0.087500 0.186111
8 0.762500 0.656481 0.206944 0.257407
2 0.662847 0.554630 0.153472 0.237037
