0 0.473611 0.543056 0.062500 0.082407
1 0.571875 0.519444 0.049306 0.062963
1 0.554861 0.567130 0.048611 0.063889
2 0.594792 0.646296 0.107639 0.135185
3 0.752431 0.752315 0.049306 0.056481
3 0.649306 0.599537 0.033333 0.034259
4 0.723264 0.712963 0.050694 0.055556
5 0.630903 0.840278 0.027083 0.045370
7 0.510764 0.605093 0.099306 0.137963
8 0.639236 0.742593 0.132639 0.175926
9 0.405903 0.521759 0.031250 0.047222
6 0.432639 0.542130 0.034722 0.045370
6 0.526389 0.497685 0.059722 0.080556
6 0.589931 0.546759 0.043750 0.062037
6 0.718403 0.765741 0.034028 0.050000
