9 0.510069 0.588426 0.032639 0.034259
6 0.536111 0.556019 0.037500 0.052778
6 0.514583 0.444444 0.059722 0.046296
6 0.558681 0.380093 0.027083 0.037963
3 0.607639 0.335185 0.023611 0.016667
3 0.722222 0.280556 0.031944 0.046296
4 0.692708 0.294907 0.032639 0.037963
6 0.734028 0.313889 0.022222 0.020370
5 0.789583 0.405556 0.025000 0.024074
8 0.707292 0.364352 0.129861 0.100926
2 0.638889 0.395370 0.091667 0.098148
7 0.598958 0.462500 0.099306 0.067593
0 0.546875 0.500463 0.057639 0.078704
1 0.538194 0.386111 0.038889 0.040741
1 0.575694 0.408796 0.044444 0.037963
