6 0.497917 0.123148 0.018056 0.050000
6 0.456597 0.408333 0.050694 0.046296
6 0.472222 0.518056 0.059722 0.089815
6 0.574306 0.594444 0.041667 0.038889
9 0.581250 0.645370 0.023611 0.055556
0 0.546181 0.545370 0.074306 0.051852
1 0.453125 0.447685 0.050694 0.043519
1 0.497569 0.430093 0.028472 0.069444
7 0.554167 0.456019 0.080556 0.139815
2 0.513194 0.339352 0.113889 0.102778
3 0.444444 0.303241 0.029167 0.036111
3 0.463542 0.082407 0.039583 0.048148
4 0.459375 0.137500 0.036806 0.049074
8 0.535764 0.221296 0.114583 0.159259
5 0.603472 0.171296 0.013889 0.053704
