6 0.601042 0.505093 0.038194 0.028704
6 0.511458 0.456019 0.046528 0.039815
6 0.498958 0.383333 0.031250 0.009259
6 0.542708 0.267130 0.015972 0.026852
3 0.517708 0.238889 0.029861 0.027778
4 0.513542 0.272685 0.028472 0.045370
3 0.495486 0.348148 0.018750 0.040741
8 0.568750 0.296759 0.086111 0.065741
2 0.552431 0.350463 0.092361 0.052778
7 0.584375 0.414352 0.063194 0.067593
0 0.575347 0.465278 0.061806 0.039815
1 0.534722 0.400000 0.020833 0.057407
1 0.496875 0.407407 0.045139 0.038889
5 0.622222 0.298148 0.011111 0.022222
