2 0.551389 0.460185 0.131944 0.138889
8 0.614583 0.544444 0.168056 0.214815
3 0.755903 0.570370 0.061806 0.107407
9 0.348264 0.371296 0.034028 0.068519
0 0.422917 0.374074 0.075000 0.105556
7 0.463194 0.413426 0.119444 0.136111
4 0.716667 0.524074 0.056944 0.083333
1 0.531250 0.345833 0.048611 0.054630
6 0.375694 0.376389 0.037500 0.067593
5 0.609028 0.660648 0.050000 0.069444
6 0.481250 0.344444 0.066667 0.068519
6 0.709028 0.587037 0.059722 0.085185
1 0.512153 0.375463 0.052083 0.062037
6 0.553472 0.383333 0.038889 0.059259
3 0.620139 0.431944 0.027778 0.060185
