9 0.359375 0.378704 0.039583 0.066667
6 0.392708 0.373148 0.032639 0.062963
6 0.478125 0.297222 0.061806 0.059259
6 0.559722 0.311111 0.034722 0.066667
6 0.757986 0.442593 0.045139 0.074074
4 0.748958 0.377315 0.046528 0.065741
8 0.672569 0.438426 0.143750 0.182407
5 0.705903 0.545370 0.052083 0.048148
3 0.790972 0.406944 0.051389 0.087963
3 0.632292 0.325926 0.025694 0.048148
2 0.589583 0.377315 0.104167 0.147222
7 0.495486 0.373148 0.120139 0.116667
0 0.436111 0.359259 0.055556 0.122222
1 0.527778 0.277315 0.044444 0.052778
1 0.527083 0.317130 0.056944 0.043519
