6 0.490972 0.475463 0.055556 0.049074
6 0.533681 0.587963 0.045139 0.048148
6 0.682639 0.306019 0.018056 0.019444
6 0.526389 0.402778 0.029167 0.029630
9 0.514236 0.625463 0.035417 0.032407
3 0.667014 0.269444 0.034028 0.029630
4 0.643403 0.296296 0.032639 0.037037
3 0.564931 0.349074 0.022917 0.020370
2 0.605903 0.409259 0.096528 0.087037
1 0.504514 0.416667 0.034028 0.055556
1 0.545833 0.433796 0.045833 0.045370
5 0.745833 0.395370 0.023611 0.025926
0 0.530903 0.517593 0.063194 0.062963
7 0.580903 0.477778 0.102083 0.085185
8 0.675347 0.356481 0.099306 0.085185
