9 0.360417 0.406944 0.052778 0.075000
6 0.403125 0.399074 0.043750 0.081481
6 0.488889 0.298148 0.077778 0.070370
6 0.584375 0.291667 0.036806 0.055556
6 0.827778 0.423148 0.052778 0.075926
4 0.806944 0.354630 0.056944 0.068519
3 0.854167 0.377315 0.061111 0.091667
3 0.670833 0.301389 0.033333 0.037963
5 0.784722 0.549537 0.061111 0.054630
8 0.731597 0.437963 0.150694 0.209259
2 0.632292 0.374074 0.100694 0.164815
7 0.520833 0.388889 0.136111 0.140741
0 0.447917 0.373611 0.058333 0.149074
1 0.547569 0.265741 0.040972 0.059259
1 0.552778 0.312963 0.061111 0.050000
