0 0.466667 0.563889 0.070833 0.075926
1 0.424653 0.437500 0.052083 0.062037
1 0.465278 0.448611 0.043056 0.069444
9 0.466667 0.661111 0.030556 0.051852
5 0.640625 0.293519 0.025694 0.038889
8 0.570486 0.295833 0.124306 0.169444
6 0.568750 0.189815 0.029167 0.046296
6 0.440278 0.405556 0.041667 0.048148
6 0.419444 0.501389 0.056944 0.076852
6 0.476042 0.618519 0.038194 0.040741
3 0.554167 0.139352 0.034722 0.043519
4 0.530903 0.181481 0.035417 0.044444
3 0.465278 0.310185 0.022222 0.027778
2 0.512847 0.380556 0.110417 0.135185
7 0.503472 0.496759 0.098611 0.137963
