3 0.693403 0.575463 0.068750 0.119444
3 0.610764 0.372222 0.042361 0.077778
4 0.670139 0.514815 0.059722 0.100000
6 0.639931 0.571296 0.046528 0.100000
6 0.512153 0.220833 0.059028 0.058333
6 0.563194 0.282870 0.063889 0.052778
6 0.393056 0.204630 0.043056 0.050000
9 0.375347 0.186574 0.022917 0.047222
5 0.487153 0.597685 0.021528 0.076852
8 0.539583 0.476852 0.177778 0.209259
7 0.451389 0.272685 0.101389 0.117593
0 0.435069 0.203704 0.085417 0.044444
1 0.513194 0.253704 0.044444 0.059259
1 0.553472 0.232407 0.058333 0.046296
2 0.529861 0.353241 0.147222 0.091667
