9 0.627778 0.202315 0.026389 0.034259
6 0.611458 0.212500 0.032639 0.034259
0 0.613889 0.241667 0.066667 0.066667
6 0.652778 0.318519 0.063889 0.055556
6 0.609375 0.389352 0.047917 0.063889
6 0.387500 0.547222 0.050000 0.048148
3 0.394097 0.616667 0.049306 0.112963
3 0.562847 0.478241 0.029861 0.071296
4 0.440278 0.574537 0.050000 0.097222
8 0.427778 0.425000 0.161111 0.187037
5 0.329514 0.436111 0.039583 0.031481
2 0.517361 0.374537 0.126389 0.147222
1 0.594444 0.323148 0.054167 0.057407
1 0.639583 0.350000 0.055556 0.064815
7 0.555903 0.277778 0.114583 0.101852
