9 0.379167 0.348611 0.033333 0.056481
6 0.406597 0.346759 0.029861 0.058333
6 0.475694 0.286574 0.058333 0.054630
6 0.542014 0.300926 0.035417 0.055556
6 0.699306 0.411574 0.040278 0.054630
5 0.652431 0.490741 0.040972 0.044444
4 0.693750 0.362500 0.040278 0.058333
3 0.729167 0.384722 0.040278 0.075000
3 0.602778 0.316204 0.023611 0.041667
8 0.627431 0.405556 0.114583 0.148148
2 0.567361 0.352778 0.084722 0.118519
7 0.488194 0.351852 0.095833 0.100000
1 0.518750 0.272222 0.034722 0.042593
1 0.516319 0.304630 0.045139 0.037037
0 0.440972 0.332407 0.045833 0.096296
