6 0.607639 0.464815 0.037500 0.029630
6 0.514583 0.419907 0.047222 0.043519
6 0.497917 0.343981 0.034722 0.010185
6 0.535069 0.225000 0.015972 0.020370
3 0.510417 0.197222 0.026389 0.025926
3 0.491319 0.310648 0.022917 0.041667
3 0.506597 0.233333 0.029861 0.046296
5 0.618750 0.254167 0.008333 0.023148
8 0.564583 0.255556 0.081944 0.072222
2 0.552083 0.310185 0.088889 0.050000
1 0.498611 0.367593 0.045833 0.042593
1 0.536111 0.360648 0.022222 0.054630
7 0.585764 0.372685 0.063194 0.071296
0 0.580903 0.428241 0.064583 0.045370
