3 0.539583 0.757870 0.048611 0.093519
3 0.608681 0.583333 0.031250 0.066667
9 0.562500 0.309259 0.027778 0.044444
5 0.428125 0.638426 0.028472 0.054630
2 0.554861 0.517593 0.109722 0.120370
6 0.562847 0.330556 0.035417 0.035185
6 0.626042 0.408333 0.052083 0.055556
6 0.619444 0.492593 0.044444 0.057407
6 0.516667 0.716204 0.036111 0.065741
8 0.504861 0.592593 0.129167 0.168519
4 0.556944 0.708796 0.048611 0.078704
7 0.550694 0.416204 0.086111 0.119444
1 0.592014 0.442593 0.036806 0.057407
1 0.632986 0.450000 0.050694 0.059259
0 0.575000 0.360648 0.073611 0.062037
