9 0.726389 0.242130 0.034722 0.037963
6 0.700347 0.249074 0.028472 0.057407
6 0.702778 0.366667 0.073611 0.064815
6 0.618750 0.409722 0.045833 0.063889
6 0.320486 0.457407 0.061806 0.035185
3 0.299653 0.529630 0.061806 0.125926
3 0.532986 0.482870 0.038194 0.086111
4 0.362847 0.516667 0.059028 0.111111
5 0.315278 0.340741 0.036111 0.037037
8 0.411111 0.368519 0.162500 0.183333
2 0.525000 0.358333 0.102778 0.174074
1 0.625694 0.336574 0.068056 0.049074
1 0.664583 0.383333 0.050000 0.075926
7 0.607639 0.279630 0.126389 0.083333
0 0.682986 0.267593 0.056250 0.085185
