3 0.733681 0.409722 0.036806 0.076852
3 0.598264 0.365741 0.027083 0.042593
4 0.700000 0.396296 0.038889 0.057407
8 0.647222 0.448611 0.098611 0.163889
5 0.684722 0.543519 0.043056 0.048148
6 0.712500 0.436574 0.045833 0.050926
6 0.473958 0.366204 0.053472 0.058333
6 0.539931 0.356944 0.032639 0.047222
6 0.416319 0.456481 0.032639 0.062963
9 0.385764 0.458796 0.035417 0.050926
0 0.446528 0.431019 0.038889 0.102778
7 0.498611 0.438889 0.097222 0.118519
1 0.512500 0.345833 0.029167 0.050926
1 0.518056 0.382870 0.055556 0.047222
2 0.578819 0.423611 0.065972 0.147222
