6 0.610764 0.557870 0.063194 0.080556
6 0.528819 0.568056 0.029861 0.069444
6 0.656597 0.451852 0.024306 0.062963
6 0.305208 0.516667 0.043750 0.035185
7 0.563542 0.452315 0.097917 0.097222
0 0.628472 0.467593 0.034722 0.087037
1 0.552431 0.512500 0.053472 0.037963
1 0.564931 0.564815 0.035417 0.070370
9 0.686111 0.459259 0.034722 0.061111
3 0.449653 0.594907 0.028472 0.058333
3 0.275000 0.558333 0.047222 0.083333
4 0.319792 0.567130 0.050694 0.075000
2 0.472569 0.497685 0.078472 0.162037
8 0.388542 0.469907 0.120139 0.156481
5 0.335417 0.399074 0.023611 0.014815
