3 0.732292 0.914352 0.067361 0.076852
3 0.680903 0.650463 0.049306 0.043519
4 0.715625 0.840278 0.064583 0.086111
9 0.446181 0.362963 0.034028 0.062963
8 0.601389 0.796759 0.173611 0.208333
5 0.549306 0.901389 0.033333 0.078704
7 0.522917 0.537500 0.120833 0.167593
6 0.464583 0.404167 0.065278 0.041667
6 0.590972 0.436111 0.075000 0.103704
6 0.640625 0.540741 0.061806 0.055556
6 0.692014 0.901852 0.039583 0.072222
2 0.595139 0.642593 0.141667 0.125926
0 0.509028 0.434722 0.104167 0.069444
1 0.595833 0.525926 0.061111 0.088889
1 0.636111 0.487963 0.070833 0.055556
