3 0.375000 0.666204 0.062500 0.117593
3 0.555556 0.575463 0.040278 0.084259
4 0.425347 0.643056 0.052083 0.106481
6 0.378472 0.601389 0.056944 0.058333
6 0.614931 0.498148 0.047917 0.070370
6 0.668403 0.450000 0.070139 0.075926
5 0.344444 0.497222 0.040278 0.042593
8 0.438194 0.505093 0.159722 0.182407
2 0.533681 0.484722 0.118750 0.176852
1 0.644444 0.471759 0.058333 0.076852
1 0.606250 0.439352 0.058333 0.054630
7 0.578125 0.404630 0.120139 0.122222
0 0.636806 0.373148 0.066667 0.079630
6 0.640625 0.349074 0.028472 0.046296
9 0.658333 0.343981 0.029167 0.039815
