0 0.484375 0.714815 0.109028 0.096296
1 0.388889 0.545370 0.080556 0.077778
1 0.453819 0.544907 0.053472 0.102778
9 0.507639 0.844444 0.036111 0.068519
5 0.665625 0.226389 0.025694 0.063889
8 0.565972 0.275926 0.166667 0.244444
6 0.537500 0.118519 0.038889 0.062963
6 0.406597 0.487037 0.070139 0.064815
6 0.401389 0.643519 0.081944 0.109259
6 0.509375 0.783333 0.059028 0.055556
3 0.502778 0.053704 0.052778 0.070370
4 0.480903 0.125000 0.052083 0.064815
3 0.417361 0.340278 0.034722 0.043519
2 0.505208 0.421296 0.163194 0.179630
7 0.520486 0.600463 0.132639 0.204630
