6 0.589931 0.600926 0.040972 0.035185
6 0.483333 0.539352 0.055556 0.087963
6 0.461111 0.430093 0.052778 0.041667
6 0.478125 0.136574 0.020139 0.047222
9 0.600000 0.650926 0.025000 0.050000
0 0.558333 0.554630 0.075000 0.038889
1 0.459028 0.471296 0.054167 0.033333
1 0.502778 0.450463 0.026389 0.065741
7 0.560764 0.464815 0.070139 0.129630
2 0.515625 0.353704 0.110417 0.096296
3 0.437153 0.324074 0.025694 0.029630
3 0.443056 0.098148 0.041667 0.050000
4 0.441319 0.156481 0.039583 0.046296
8 0.522222 0.229167 0.113889 0.150926
5 0.588194 0.167130 0.015278 0.043519
