9 0.397917 0.517130 0.036111 0.047222
6 0.434028 0.487500 0.026389 0.047222
6 0.470833 0.385185 0.055556 0.031481
6 0.536458 0.351852 0.014583 0.025926
6 0.765278 0.373611 0.013889 0.032407
3 0.761111 0.333333 0.034722 0.042593
4 0.723611 0.336111 0.034722 0.033333
3 0.610417 0.334259 0.022222 0.014815
0 0.463889 0.440278 0.037500 0.073148
7 0.532986 0.437963 0.097917 0.059259
1 0.513889 0.345833 0.029167 0.039815
1 0.535764 0.378704 0.054861 0.027778
2 0.610069 0.400463 0.068750 0.106481
8 0.697569 0.411574 0.117361 0.113889
5 0.766667 0.487500 0.034722 0.032407
