9 0.664931 0.400000 0.035417 0.025926
6 0.632986 0.390741 0.031250 0.050000
6 0.543750 0.434722 0.061111 0.060185
6 0.468750 0.400926 0.034722 0.044444
6 0.327083 0.271296 0.031944 0.029630
3 0.289236 0.288426 0.035417 0.080556
3 0.398958 0.387500 0.022917 0.067593
4 0.316667 0.308796 0.034722 0.065741
8 0.406250 0.267130 0.115278 0.110185
2 0.453819 0.327778 0.099306 0.112963
1 0.492014 0.406481 0.043750 0.055556
1 0.505556 0.366667 0.047222 0.048148
7 0.544444 0.339352 0.102778 0.095370
0 0.594444 0.383333 0.054167 0.075926
