6 0.586806 0.570833 0.066667 0.084259
6 0.651389 0.480093 0.031944 0.067593
6 0.504167 0.569907 0.036111 0.075000
6 0.293056 0.473611 0.048611 0.041667
3 0.256250 0.510648 0.045833 0.084259
3 0.422222 0.578241 0.029167 0.063889
4 0.302431 0.527315 0.053472 0.080556
8 0.379861 0.443056 0.131944 0.163889
7 0.553125 0.457870 0.104861 0.110185
9 0.681944 0.486111 0.038889 0.057407
0 0.618750 0.490741 0.040278 0.096296
1 0.532639 0.514815 0.059722 0.046296
1 0.537847 0.572222 0.036806 0.081481
2 0.456944 0.488889 0.091667 0.172222
5 0.337153 0.369907 0.022917 0.015741
