6 0.268403 0.370833 0.040972 0.043519
6 0.450694 0.579630 0.043056 0.074074
6 0.535764 0.619444 0.065972 0.090741
6 0.637153 0.541667 0.038194 0.061111
9 0.670139 0.557870 0.044444 0.043519
0 0.592014 0.550000 0.061806 0.100000
1 0.492014 0.545370 0.059028 0.062963
1 0.479861 0.607407 0.051389 0.077778
7 0.534722 0.486111 0.119444 0.157407
2 0.432986 0.470833 0.121528 0.167593
3 0.372569 0.542593 0.032639 0.044444
3 0.224306 0.390278 0.044444 0.054630
4 0.260764 0.429167 0.042361 0.052778
8 0.363542 0.374074 0.149306 0.194444
5 0.357639 0.267130 0.029167 0.036111
