8 0.470139 0.254630 0.129167 0.114815
7 0.604167 0.371759 0.109722 0.110185
2 0.509722 0.327778 0.115278 0.098148
4 0.371528 0.272222 0.038889 0.066667
1 0.550347 0.387500 0.052083 0.065741
6 0.575347 0.469907 0.071528 0.065741
0 0.647917 0.431481 0.070833 0.077778
1 0.523611 0.424074 0.055556 0.061111
3 0.348958 0.246759 0.039583 0.084259
6 0.689931 0.453241 0.045139 0.056481
6 0.503472 0.403704 0.050000 0.057407
6 0.389583 0.255556 0.037500 0.070370
9 0.726042 0.478241 0.039583 0.041667
3 0.435764 0.372685 0.028472 0.080556
