0 0.389236 0.596759 0.071528 0.104630
1 0.502778 0.540741 0.052778 0.079630
1 0.487847 0.601389 0.059028 0.067593
2 0.543750 0.678704 0.129167 0.174074
3 0.753125 0.757870 0.053472 0.063889
3 0.606597 0.606944 0.035417 0.034259
4 0.713194 0.718981 0.058333 0.067593
6 0.343750 0.608796 0.041667 0.062037
6 0.446528 0.527778 0.075000 0.100000
6 0.528472 0.568056 0.047222 0.073148
6 0.713542 0.781481 0.040972 0.053704
7 0.443750 0.659722 0.123611 0.154630
8 0.616667 0.781944 0.155556 0.204630
9 0.310069 0.593056 0.042361 0.049074
5 0.624306 0.894444 0.043056 0.046296
