9 0.686458 0.663889 0.028472 0.050000
6 0.673958 0.608333 0.061806 0.057407
0 0.632292 0.542130 0.096528 0.087963
7 0.640625 0.435648 0.099306 0.154630
2 0.585764 0.315278 0.147917 0.102778
8 0.606250 0.221759 0.131944 0.165741
6 0.560069 0.144907 0.027083 0.047222
5 0.681597 0.201852 0.014583 0.048148
3 0.526389 0.104630 0.043056 0.053704
4 0.520139 0.157870 0.043056 0.078704
3 0.500000 0.310648 0.029167 0.089815
6 0.513194 0.377315 0.066667 0.050926
1 0.510069 0.429630 0.068750 0.079630
1 0.568403 0.418519 0.035417 0.111111
6 0.535417 0.521759 0.081944 0.137963
