0 0.612500 0.693056 0.111111 0.145370
1 0.479167 0.650000 0.079167 0.105556
1 0.450000 0.734722 0.081944 0.108333
5 0.352778 0.218981 0.036111 0.062037
8 0.340278 0.366667 0.216667 0.281481
6 0.209722 0.331019 0.056944 0.073148
6 0.413889 0.681019 0.063889 0.100926
6 0.521181 0.764815 0.092361 0.127778
6 0.676042 0.684722 0.056250 0.073148
9 0.717361 0.716667 0.048611 0.070370
7 0.550694 0.583333 0.166667 0.222222
2 0.413194 0.525926 0.179167 0.220370
3 0.312847 0.599074 0.038194 0.050000
3 0.138889 0.342593 0.058333 0.077778
4 0.184028 0.407407 0.056944 0.074074
