0 0.472222 0.672222 0.054167 0.155556
1 0.560417 0.478241 0.048611 0.110185
1 0.585069 0.558796 0.085417 0.056481
5 0.904167 0.725000 0.054167 0.025926
8 0.836458 0.598611 0.171528 0.215741
6 0.932986 0.508333 0.049306 0.035185
6 0.607639 0.473148 0.033333 0.094444
6 0.491667 0.526852 0.091667 0.101852
6 0.423958 0.734722 0.035417 0.084259
9 0.376389 0.753704 0.045833 0.033333
3 0.969097 0.435648 0.057639 0.073148
4 0.907639 0.435648 0.054167 0.071296
3 0.722222 0.433796 0.037500 0.047222
2 0.698611 0.582407 0.098611 0.220370
7 0.572917 0.674537 0.145833 0.145370
