3 0.725000 0.425000 0.037500 0.087037
3 0.593056 0.376389 0.031944 0.060185
4 0.688194 0.395833 0.040278 0.052778
1 0.504861 0.337500 0.033333 0.043519
1 0.508333 0.378704 0.051389 0.037037
6 0.533333 0.354630 0.031944 0.050000
6 0.464931 0.359259 0.064583 0.059259
6 0.403819 0.438889 0.031250 0.068519
6 0.701042 0.442130 0.046528 0.043519
9 0.373958 0.443056 0.038194 0.045370
5 0.669792 0.547222 0.042361 0.046296
8 0.631944 0.447222 0.111111 0.131481
7 0.484375 0.435648 0.096528 0.115741
0 0.432639 0.420370 0.041667 0.107407
2 0.562153 0.412037 0.070139 0.133333
