0 0.427431 0.640741 0.029861 0.088889
1 0.479514 0.526852 0.021528 0.066667
1 0.494444 0.573148 0.045833 0.035185
9 0.372222 0.692593 0.033333 0.022222
5 0.690278 0.676389 0.037500 0.019444
6 0.707639 0.544444 0.033333 0.025926
6 0.508681 0.524537 0.018750 0.060185
6 0.439236 0.554630 0.054861 0.062963
6 0.399653 0.678704 0.022917 0.048148
3 0.726736 0.500463 0.035417 0.045370
4 0.689236 0.500000 0.034028 0.042593
3 0.576389 0.499074 0.023611 0.027778
8 0.643056 0.597685 0.101389 0.130556
7 0.485764 0.639352 0.090972 0.082407
2 0.561111 0.587037 0.058333 0.131481
