3 0.592014 0.932870 0.060417 0.082407
3 0.662847 0.678241 0.040972 0.054630
4 0.612500 0.868056 0.056944 0.078704
6 0.559375 0.879630 0.040972 0.072222
6 0.673264 0.440741 0.061806 0.101852
6 0.670486 0.558796 0.060417 0.062037
6 0.579861 0.324537 0.052778 0.062037
7 0.569444 0.466204 0.126389 0.165741
0 0.607986 0.373148 0.086806 0.081481
1 0.632639 0.510185 0.048611 0.090741
1 0.685069 0.510648 0.078472 0.065741
2 0.590278 0.615741 0.150000 0.166667
8 0.539236 0.739815 0.154861 0.220370
5 0.443750 0.793056 0.044444 0.082407
9 0.578125 0.281019 0.043750 0.067593
