7 0.582986 0.372222 0.103472 0.109259
8 0.482986 0.238426 0.118750 0.102778
2 0.500347 0.313889 0.111806 0.079630
1 0.522222 0.377778 0.045833 0.070370
3 0.378125 0.191204 0.039583 0.043519
6 0.527778 0.463426 0.069444 0.071296
0 0.610417 0.439815 0.081944 0.062963
6 0.655903 0.475000 0.046528 0.051852
6 0.471181 0.380556 0.056250 0.044444
6 0.411806 0.215278 0.023611 0.058333
9 0.682639 0.504630 0.026389 0.033333
1 0.485417 0.404630 0.061111 0.057407
3 0.422569 0.341204 0.027083 0.076852
4 0.386458 0.234259 0.039583 0.062963
