4 0.350000 0.314352 0.048611 0.080556
2 0.505208 0.341204 0.114583 0.123148
7 0.607639 0.360185 0.113889 0.107407
8 0.448611 0.275000 0.134722 0.131481
3 0.319444 0.288889 0.045833 0.085185
1 0.564236 0.384722 0.056250 0.054630
6 0.704861 0.423148 0.036111 0.059259
6 0.606944 0.466667 0.070833 0.064815
1 0.550347 0.430556 0.052083 0.062963
3 0.442361 0.403704 0.027778 0.074074
6 0.523958 0.418056 0.042361 0.052778
6 0.357292 0.277778 0.038194 0.046296
9 0.739583 0.443981 0.041667 0.045370
0 0.663889 0.412500 0.062500 0.089815
