0 0.700000 0.522222 0.045833 0.129630
1 0.593403 0.610185 0.077083 0.050000
1 0.612153 0.688426 0.042361 0.097222
9 0.780903 0.452315 0.039583 0.034259
6 0.740972 0.470370 0.029167 0.070370
6 0.671875 0.646759 0.075694 0.093519
6 0.566667 0.684722 0.031944 0.087963
6 0.256944 0.618981 0.054167 0.045370
3 0.219792 0.692593 0.054861 0.074074
3 0.460069 0.715741 0.032639 0.042593
4 0.280903 0.696759 0.059028 0.071296
2 0.488194 0.579167 0.101389 0.206481
8 0.364236 0.549537 0.161806 0.202778
5 0.298958 0.423148 0.060417 0.029630
7 0.610764 0.509259 0.134028 0.137037
