3 0.275347 0.427778 0.046528 0.081481
3 0.422222 0.528241 0.027778 0.062037
4 0.311458 0.451389 0.049306 0.076852
1 0.530903 0.547685 0.045139 0.075000
1 0.533681 0.493519 0.061806 0.057407
7 0.566319 0.450000 0.110417 0.122222
2 0.469792 0.450926 0.099306 0.159259
8 0.400694 0.392593 0.133333 0.168519
6 0.313542 0.405093 0.046528 0.047222
6 0.582986 0.559259 0.065972 0.079630
6 0.500694 0.542593 0.037500 0.064815
6 0.662500 0.484259 0.034722 0.061111
0 0.627431 0.486111 0.049306 0.092593
9 0.695139 0.502315 0.043056 0.063889
