3 0.415278 0.889815 0.058333 0.079630
3 0.571181 0.737963 0.039583 0.048148
4 0.455208 0.850926 0.064583 0.079630
5 0.354514 0.675000 0.050694 0.050000
9 0.663194 0.359722 0.044444 0.052778
8 0.446528 0.697222 0.159722 0.203704
6 0.404514 0.827778 0.057639 0.050000
6 0.673611 0.552778 0.077778 0.100000
6 0.640972 0.391667 0.041667 0.055556
6 0.624306 0.645370 0.055556 0.075926
2 0.537153 0.637963 0.127083 0.172222
7 0.573958 0.511574 0.139583 0.173148
1 0.611111 0.581019 0.058333 0.063889
1 0.654861 0.618981 0.058333 0.087963
0 0.642708 0.456944 0.079861 0.100926
