3 0.592014 0.230093 0.031250 0.026852
3 0.538542 0.333796 0.020139 0.045370
6 0.598958 0.519444 0.038194 0.038889
6 0.522222 0.443981 0.050000 0.049074
6 0.529514 0.368519 0.035417 0.022222
6 0.612847 0.256019 0.018750 0.013889
4 0.578819 0.261111 0.029861 0.040741
5 0.687500 0.314352 0.012500 0.028704
8 0.630903 0.300463 0.096528 0.082407
2 0.595139 0.345370 0.093056 0.061111
1 0.519097 0.393056 0.046528 0.049074
1 0.560764 0.392593 0.034028 0.051852
7 0.609375 0.418056 0.089583 0.065741
0 0.581597 0.468981 0.064583 0.054630
