6 0.609722 0.460185 0.037500 0.027778
6 0.517014 0.423148 0.049306 0.044444
6 0.498958 0.351852 0.034028 0.012963
6 0.522222 0.230093 0.015278 0.025000
3 0.488889 0.318056 0.018056 0.045370
3 0.499306 0.204167 0.027778 0.025000
5 0.604861 0.256481 0.006944 0.020370
2 0.546875 0.314815 0.090972 0.046296
1 0.536111 0.365278 0.019444 0.054630
1 0.500694 0.374537 0.041667 0.034259
7 0.583333 0.373611 0.056944 0.069444
0 0.582292 0.434722 0.059028 0.050926
4 0.497222 0.241204 0.027778 0.041667
8 0.554861 0.262500 0.081944 0.071296
