0 0.467708 0.756019 0.131250 0.123148
1 0.362500 0.539815 0.095833 0.098148
1 0.439236 0.546296 0.070139 0.124074
5 0.713194 0.187500 0.031944 0.067593
8 0.594444 0.233333 0.211111 0.298148
6 0.564931 0.046759 0.050694 0.075000
6 0.385417 0.471759 0.087500 0.087963
6 0.369097 0.655556 0.103472 0.137037
6 0.493750 0.838426 0.070833 0.075000
9 0.488194 0.913889 0.045833 0.081481
4 0.495486 0.044444 0.061806 0.077778
3 0.405556 0.294444 0.041667 0.053704
2 0.507639 0.402315 0.201389 0.228704
7 0.518403 0.621759 0.164583 0.247222
