0 0.620486 0.679167 0.110417 0.137963
1 0.496181 0.632870 0.075694 0.100926
1 0.463889 0.710648 0.077778 0.102778
5 0.386458 0.206481 0.027083 0.059259
8 0.370486 0.351389 0.206250 0.275000
9 0.721181 0.712037 0.042361 0.064815
6 0.679167 0.676389 0.052778 0.071296
6 0.531944 0.741204 0.090278 0.125000
6 0.433333 0.656944 0.062500 0.087963
6 0.245833 0.309722 0.048611 0.071296
7 0.564931 0.571296 0.156250 0.209259
2 0.437500 0.503241 0.172222 0.200926
3 0.337500 0.571759 0.037500 0.045370
3 0.180556 0.316204 0.056944 0.071296
4 0.220139 0.382407 0.055556 0.070370
