0 0.603472 0.419907 0.073611 0.086111
1 0.596181 0.539815 0.049306 0.074074
1 0.638194 0.561574 0.054167 0.071296
2 0.538194 0.608796 0.119444 0.160185
3 0.581250 0.690741 0.030556 0.037037
3 0.468750 0.867130 0.045833 0.067593
9 0.604167 0.325000 0.037500 0.050000
7 0.556250 0.485648 0.116667 0.154630
6 0.592361 0.362963 0.038889 0.055556
6 0.642708 0.494444 0.064583 0.087037
6 0.614931 0.591667 0.047917 0.062963
6 0.453472 0.812500 0.038889 0.054630
8 0.466667 0.689815 0.141667 0.196296
4 0.496528 0.815741 0.043056 0.075926
5 0.380556 0.689352 0.037500 0.058333
