6 0.400694 0.189352 0.033333 0.054630
6 0.459722 0.473611 0.059722 0.052778
6 0.509375 0.568981 0.065972 0.089815
6 0.626042 0.578704 0.045139 0.048148
9 0.646181 0.618056 0.031250 0.052778
0 0.586806 0.550000 0.075000 0.068519
1 0.470139 0.516204 0.056944 0.054630
1 0.505903 0.475000 0.040972 0.077778
7 0.563889 0.462037 0.101389 0.142593
3 0.411458 0.385185 0.025694 0.031481
3 0.359375 0.168981 0.043750 0.052778
4 0.372222 0.224537 0.041667 0.056481
8 0.471181 0.258796 0.131250 0.180556
5 0.511111 0.167593 0.013889 0.046296
2 0.492014 0.385648 0.114583 0.141667
