3 0.304861 0.165741 0.041667 0.070370
3 0.350000 0.318981 0.025000 0.050926
4 0.315972 0.204630 0.037500 0.070370
8 0.410764 0.211574 0.121528 0.141667
7 0.498611 0.361574 0.102778 0.126852
2 0.427083 0.303704 0.119444 0.101852
1 0.442014 0.370370 0.042361 0.072222
1 0.406944 0.405556 0.061111 0.055556
6 0.563889 0.464352 0.043056 0.052778
6 0.448264 0.460185 0.064583 0.074074
6 0.396181 0.383333 0.052083 0.051852
6 0.343403 0.181019 0.031250 0.060185
0 0.522222 0.441667 0.075000 0.085185
9 0.589931 0.503241 0.027083 0.056481
