3 0.911458 0.432407 0.071528 0.087037
4 0.834375 0.433333 0.088194 0.094444
6 0.873611 0.507407 0.069444 0.061111
5 0.845486 0.745370 0.043750 0.038889
8 0.763542 0.607870 0.190972 0.239815
3 0.634028 0.425926 0.062500 0.068519
2 0.612153 0.594907 0.111806 0.275000
1 0.488542 0.553241 0.086806 0.054630
1 0.462153 0.461574 0.043750 0.117593
6 0.514931 0.463889 0.046528 0.112963
6 0.387153 0.520370 0.109028 0.129630
0 0.356250 0.676852 0.052778 0.155556
6 0.306597 0.743981 0.043750 0.089815
7 0.470833 0.686111 0.163889 0.188889
9 0.253472 0.766667 0.059722 0.044444
