3 0.276736 0.487500 0.054861 0.108333
2 0.502083 0.435185 0.088889 0.151852
8 0.409028 0.407407 0.133333 0.159259
7 0.600694 0.399074 0.104167 0.087037
6 0.656597 0.505556 0.071528 0.064815
4 0.327083 0.500463 0.054167 0.095370
0 0.672917 0.420833 0.037500 0.084259
3 0.474653 0.535185 0.034028 0.077778
1 0.605208 0.503704 0.032639 0.068519
6 0.702083 0.415741 0.027778 0.062963
6 0.311806 0.442593 0.047222 0.027778
6 0.565972 0.501852 0.029167 0.062963
5 0.349306 0.355093 0.020833 0.021296
9 0.731250 0.419444 0.040278 0.044444
1 0.589583 0.452315 0.062500 0.043519
