9 0.656250 0.321759 0.026389 0.021296
6 0.635417 0.329630 0.019444 0.040741
6 0.620139 0.406019 0.047222 0.045370
6 0.562153 0.420370 0.024306 0.044444
6 0.375347 0.427778 0.036806 0.018519
3 0.359722 0.466204 0.036111 0.075000
3 0.501736 0.460648 0.022917 0.054630
4 0.398264 0.462963 0.034028 0.066667
8 0.434028 0.379630 0.094444 0.105556
5 0.378819 0.350463 0.024306 0.021296
2 0.506250 0.383333 0.054167 0.111111
1 0.569792 0.379167 0.043750 0.026852
1 0.589236 0.411574 0.027083 0.047222
7 0.568403 0.340741 0.075694 0.055556
0 0.619792 0.340278 0.032639 0.060185
