8 0.493750 0.466204 0.147222 0.175000
3 0.614583 0.552778 0.058333 0.105556
7 0.427778 0.314815 0.087500 0.107407
1 0.515278 0.282870 0.047222 0.041667
3 0.562500 0.395833 0.027778 0.067593
6 0.522569 0.322222 0.049306 0.044444
1 0.481250 0.297685 0.037500 0.054630
5 0.443056 0.562500 0.027778 0.071296
6 0.568750 0.546759 0.037500 0.078704
6 0.482292 0.264352 0.049306 0.034259
6 0.378472 0.252315 0.031944 0.036111
9 0.369792 0.243519 0.018750 0.042593
0 0.417361 0.253704 0.066667 0.035185
4 0.601042 0.496296 0.052083 0.062963
2 0.484722 0.369444 0.125000 0.062963
