9 0.483333 0.651852 0.036111 0.053704
6 0.503819 0.609722 0.040972 0.052778
6 0.474306 0.460648 0.065278 0.082407
6 0.521528 0.371296 0.047222 0.064815
6 0.701389 0.213426 0.038889 0.039815
0 0.507986 0.545833 0.065972 0.097222
7 0.563542 0.492593 0.117361 0.144444
1 0.535417 0.424074 0.051389 0.066667
1 0.494097 0.389352 0.052083 0.069444
2 0.600347 0.381019 0.107639 0.156481
3 0.568056 0.287500 0.029167 0.034259
3 0.696181 0.156944 0.045139 0.049074
4 0.665278 0.190741 0.044444 0.046296
8 0.681944 0.318519 0.141667 0.181481
5 0.750694 0.346759 0.041667 0.030556
