8 0.521181 0.512500 0.138194 0.162037
2 0.563889 0.441204 0.111111 0.108333
3 0.586458 0.680093 0.053472 0.108333
3 0.633681 0.502778 0.028472 0.068519
6 0.549306 0.640278 0.037500 0.078704
7 0.546181 0.356481 0.081250 0.100000
6 0.629861 0.421759 0.051389 0.054630
4 0.602778 0.607870 0.048611 0.062037
5 0.435764 0.576852 0.036806 0.062963
6 0.543403 0.286111 0.031250 0.029630
6 0.624306 0.346759 0.055556 0.043519
9 0.546528 0.269907 0.019444 0.021296
1 0.638889 0.379630 0.055556 0.055556
1 0.599306 0.380556 0.033333 0.072222
0 0.570139 0.308333 0.066667 0.053704
