6 0.488194 0.482870 0.063889 0.069444
6 0.597222 0.464352 0.041667 0.050926
6 0.330208 0.220370 0.035417 0.046296
6 0.425347 0.415278 0.050694 0.045370
4 0.312500 0.257870 0.043056 0.075000
3 0.293056 0.221759 0.041667 0.075000
3 0.367708 0.368981 0.034028 0.062037
2 0.438889 0.330093 0.116667 0.112037
8 0.405556 0.243056 0.126389 0.149074
7 0.519444 0.378241 0.106944 0.130556
1 0.469097 0.394907 0.050694 0.058333
1 0.440625 0.437037 0.054861 0.055556
0 0.553819 0.452315 0.070139 0.102778
9 0.623264 0.507407 0.040972 0.074074
