0 0.528819 0.382870 0.079861 0.067593
1 0.564236 0.506944 0.039583 0.080556
1 0.611806 0.501389 0.058333 0.056481
2 0.527778 0.610185 0.134722 0.133333
3 0.599653 0.656944 0.040972 0.052778
3 0.552083 0.901389 0.050000 0.069444
9 0.500000 0.282407 0.029167 0.055556
6 0.502083 0.330556 0.045833 0.044444
6 0.594444 0.428241 0.061111 0.093519
7 0.507639 0.472685 0.101389 0.154630
6 0.601389 0.544907 0.056944 0.052778
6 0.516667 0.854167 0.034722 0.060185
5 0.404861 0.784259 0.026389 0.070370
4 0.564236 0.833333 0.046528 0.074074
8 0.485069 0.731481 0.138194 0.190741
