3 0.617014 0.556019 0.049306 0.086111
3 0.617708 0.395833 0.032639 0.054630
4 0.619792 0.505093 0.039583 0.065741
8 0.535417 0.438426 0.113889 0.143519
5 0.476389 0.511574 0.019444 0.047222
6 0.579861 0.534259 0.025000 0.068519
2 0.552778 0.364352 0.100000 0.086111
7 0.520486 0.293981 0.067361 0.102778
1 0.566667 0.287963 0.025000 0.050000
1 0.601042 0.283333 0.045139 0.038889
6 0.499653 0.223611 0.039583 0.036111
6 0.577431 0.260648 0.042361 0.043519
6 0.598611 0.322222 0.043056 0.044444
0 0.524653 0.231481 0.060417 0.033333
9 0.493056 0.202315 0.016667 0.026852
