6 0.570139 0.397222 0.058333 0.046296
6 0.676042 0.491667 0.064583 0.112963
6 0.604514 0.966667 0.035417 0.066667
6 0.684375 0.620370 0.065972 0.061111
7 0.578472 0.548148 0.113889 0.170370
9 0.566667 0.346759 0.038889 0.065741
5 0.478125 0.895370 0.031250 0.068519
8 0.567708 0.831944 0.153472 0.212037
2 0.607986 0.693056 0.159028 0.156481
3 0.693403 0.749537 0.032639 0.047222
4 0.658333 0.942130 0.051389 0.080556
0 0.602431 0.447685 0.095139 0.082407
1 0.644444 0.579167 0.047222 0.093519
1 0.695486 0.568056 0.074306 0.065741
