0 0.476042 0.756481 0.099306 0.072222
1 0.366667 0.624074 0.072222 0.061111
1 0.424653 0.608796 0.042361 0.095370
9 0.516319 0.867593 0.027083 0.061111
5 0.580903 0.273611 0.024306 0.071296
8 0.491667 0.334259 0.145833 0.211111
6 0.451042 0.199074 0.032639 0.066667
6 0.374653 0.567130 0.063194 0.054630
6 0.388542 0.704167 0.071528 0.108333
6 0.509375 0.813426 0.052083 0.045370
3 0.407639 0.144907 0.052778 0.063889
4 0.397917 0.218519 0.048611 0.064815
3 0.367014 0.430556 0.031250 0.038889
2 0.455556 0.482870 0.152778 0.145370
7 0.493403 0.639352 0.110417 0.178704
