3 0.681944 0.581944 0.040278 0.071296
3 0.594444 0.437963 0.026389 0.055556
4 0.654167 0.541667 0.047222 0.075926
1 0.511111 0.370370 0.041667 0.057407
1 0.535417 0.342130 0.050000 0.039815
6 0.497569 0.331944 0.059028 0.060185
6 0.403819 0.346759 0.036806 0.043519
6 0.639236 0.587963 0.047917 0.075926
6 0.545486 0.380093 0.042361 0.067593
7 0.464236 0.398611 0.102083 0.115741
0 0.442014 0.341204 0.063194 0.062037
2 0.532639 0.446759 0.119444 0.113889
8 0.569792 0.535648 0.131250 0.175000
5 0.548264 0.639815 0.038194 0.051852
9 0.384028 0.337500 0.027778 0.056481
