0 0.605208 0.593056 0.074306 0.076852
1 0.531944 0.545370 0.045833 0.066667
1 0.507292 0.589815 0.050694 0.061111
5 0.490972 0.275926 0.013889 0.037037
8 0.475347 0.365741 0.121528 0.166667
6 0.401736 0.325000 0.029861 0.046296
6 0.492361 0.554630 0.041667 0.051852
6 0.546875 0.619907 0.056250 0.078704
6 0.643403 0.602315 0.035417 0.041667
9 0.666319 0.629630 0.027083 0.042593
7 0.577778 0.522685 0.093056 0.128704
2 0.504167 0.464815 0.104167 0.116667
3 0.441319 0.493056 0.022917 0.028704
3 0.365278 0.320370 0.034722 0.044444
4 0.384028 0.364352 0.033333 0.043519
