6 0.604861 0.524537 0.041667 0.034259
6 0.519444 0.455093 0.050000 0.039815
6 0.521181 0.378704 0.035417 0.016667
6 0.594097 0.262500 0.015972 0.017593
3 0.571875 0.232407 0.029861 0.027778
4 0.559375 0.267130 0.029861 0.045370
3 0.527431 0.342130 0.020139 0.043519
5 0.671528 0.314815 0.012500 0.033333
2 0.584722 0.354167 0.090278 0.063889
8 0.615625 0.304630 0.089583 0.088889
7 0.604167 0.423611 0.073611 0.084259
1 0.513194 0.400926 0.044444 0.044444
1 0.554861 0.400463 0.036111 0.050926
0 0.580903 0.475463 0.070139 0.054630
