0 0.710764 0.522222 0.047917 0.114815
1 0.622569 0.609259 0.068750 0.048148
1 0.642361 0.675463 0.036111 0.087963
2 0.530208 0.584722 0.089583 0.195370
3 0.300694 0.709722 0.063889 0.082407
3 0.507986 0.707870 0.038194 0.058333
9 0.774306 0.456944 0.045833 0.026852
7 0.632292 0.518519 0.115972 0.118519
6 0.741667 0.473148 0.033333 0.068519
6 0.694444 0.636574 0.080556 0.097222
6 0.600347 0.675463 0.034028 0.086111
6 0.327431 0.649537 0.053472 0.045370
8 0.420486 0.576852 0.136806 0.179630
5 0.353819 0.470370 0.057639 0.025926
4 0.355556 0.706944 0.058333 0.078704
