3 0.585764 0.200463 0.035417 0.060185
3 0.526389 0.338889 0.022222 0.062963
4 0.571528 0.234259 0.031944 0.064815
1 0.503819 0.421759 0.050694 0.052778
1 0.543750 0.427315 0.036111 0.065741
6 0.505903 0.493519 0.057639 0.077778
6 0.573264 0.584259 0.049306 0.050000
6 0.517708 0.395833 0.049306 0.049074
6 0.609028 0.225926 0.025000 0.029630
5 0.680556 0.293519 0.031944 0.048148
8 0.605903 0.291204 0.140972 0.149074
2 0.584375 0.370833 0.107639 0.121296
7 0.579514 0.479630 0.104861 0.159259
9 0.570139 0.627778 0.036111 0.057407
0 0.556944 0.527315 0.080556 0.069444
