4 0.331597 0.367130 0.050694 0.086111
8 0.429514 0.323611 0.140972 0.156481
7 0.602431 0.387500 0.114583 0.104630
2 0.495139 0.382870 0.111111 0.141667
3 0.296181 0.341667 0.045139 0.090741
1 0.557986 0.468981 0.050694 0.067593
6 0.704514 0.442593 0.034028 0.064815
3 0.436806 0.449537 0.030556 0.076852
6 0.613889 0.498148 0.070833 0.068519
6 0.526042 0.458796 0.042361 0.054630
0 0.664583 0.431481 0.054167 0.085185
6 0.334722 0.322222 0.043056 0.038889
9 0.739931 0.461574 0.042361 0.054630
1 0.563889 0.424074 0.061111 0.059259
