9 0.454167 0.685185 0.043056 0.038889
6 0.487847 0.655093 0.034028 0.060185
6 0.504167 0.497685 0.076389 0.080556
6 0.576042 0.438426 0.036806 0.071296
6 0.801042 0.387963 0.040972 0.031481
0 0.513542 0.600926 0.052083 0.112963
7 0.581250 0.577315 0.115278 0.125000
1 0.547222 0.447222 0.036111 0.079630
1 0.574653 0.495370 0.057639 0.053704
2 0.652083 0.485648 0.084722 0.158333
3 0.648264 0.381944 0.022917 0.036111
3 0.810069 0.327315 0.039583 0.054630
4 0.771528 0.340741 0.037500 0.061111
8 0.749653 0.475463 0.139583 0.175000
5 0.811458 0.539352 0.042361 0.026852
