3 0.725000 0.404630 0.036111 0.068519
3 0.589931 0.378241 0.027083 0.049074
4 0.691319 0.400000 0.042361 0.072222
6 0.467361 0.386574 0.058333 0.067593
6 0.531597 0.371759 0.027083 0.056481
6 0.412500 0.480556 0.027778 0.064815
6 0.706250 0.431481 0.043056 0.040741
7 0.496875 0.452315 0.086806 0.099074
8 0.640278 0.450000 0.094444 0.168519
5 0.682639 0.543981 0.044444 0.047222
2 0.575347 0.429630 0.067361 0.142593
1 0.502778 0.357870 0.025000 0.050926
1 0.511458 0.393981 0.047917 0.045370
0 0.444444 0.447685 0.031944 0.112037
9 0.385417 0.478704 0.038889 0.046296
