6 0.544444 0.368981 0.054167 0.034259
6 0.661806 0.442593 0.070833 0.105556
6 0.689583 0.562963 0.062500 0.057407
6 0.663542 0.926852 0.034028 0.087037
7 0.577778 0.516667 0.112500 0.166667
9 0.534028 0.326852 0.030556 0.068519
5 0.526736 0.886111 0.024306 0.094444
0 0.582292 0.415741 0.099306 0.062963
1 0.644792 0.533333 0.038194 0.096296
1 0.693750 0.508796 0.076389 0.056481
2 0.630208 0.651389 0.178472 0.136111
8 0.601736 0.800463 0.170139 0.197222
3 0.709722 0.960185 0.058333 0.077778
3 0.716319 0.685185 0.040972 0.040741
4 0.711458 0.890278 0.056250 0.071296
