9 0.459375 0.750000 0.047917 0.031481
6 0.492708 0.720370 0.035417 0.059259
6 0.515972 0.559722 0.073611 0.078704
6 0.592708 0.503704 0.036806 0.072222
6 0.822569 0.465278 0.039583 0.034259
0 0.517708 0.663889 0.053472 0.112963
7 0.591319 0.648148 0.117361 0.125926
1 0.560069 0.509722 0.039583 0.076852
1 0.587847 0.562500 0.057639 0.052778
2 0.667361 0.560185 0.084722 0.162963
3 0.665972 0.450000 0.027778 0.035185
3 0.838194 0.406481 0.043056 0.055556
4 0.796181 0.415741 0.038194 0.055556
8 0.767014 0.553241 0.142361 0.171296
5 0.827431 0.621296 0.045139 0.018519
