0 0.501736 0.748148 0.124306 0.092593
1 0.402431 0.587963 0.053472 0.118519
1 0.333681 0.631944 0.089583 0.067593
5 0.506944 0.111111 0.018056 0.085185
8 0.412847 0.219444 0.192361 0.266667
6 0.330208 0.080556 0.036806 0.081481
6 0.332986 0.556944 0.089583 0.058333
6 0.384375 0.726389 0.089583 0.137963
6 0.559722 0.798148 0.062500 0.053704
9 0.582292 0.867130 0.034028 0.075000
3 0.262847 0.037963 0.061806 0.072222
4 0.270139 0.124074 0.062500 0.079630
3 0.282986 0.395833 0.038194 0.052778
2 0.407292 0.421296 0.179861 0.144444
7 0.496875 0.591204 0.127083 0.212037
