9 0.713194 0.383796 0.037500 0.026852
6 0.679514 0.379167 0.029861 0.054630
6 0.600347 0.445370 0.065972 0.062963
6 0.514236 0.421296 0.036806 0.048148
6 0.325000 0.309259 0.038889 0.027778
3 0.285417 0.338889 0.040278 0.088889
3 0.431250 0.422685 0.025000 0.073148
4 0.322222 0.361111 0.041667 0.085185
8 0.412847 0.305093 0.128472 0.147222
2 0.479514 0.351389 0.096528 0.139815
1 0.548611 0.376389 0.051389 0.043519
1 0.546181 0.422222 0.040972 0.059259
7 0.578819 0.337037 0.104861 0.083333
0 0.641667 0.376852 0.045833 0.079630
