3 0.566667 0.771759 0.051389 0.084259
3 0.619097 0.589352 0.034028 0.058333
4 0.579861 0.718056 0.050000 0.071296
9 0.556597 0.318056 0.025694 0.032407
5 0.447917 0.662963 0.034722 0.055556
0 0.573611 0.372685 0.068056 0.062037
1 0.595833 0.456481 0.036111 0.070370
1 0.635069 0.457407 0.049306 0.053704
6 0.624653 0.416204 0.049306 0.056481
6 0.556597 0.346759 0.038194 0.037963
6 0.626736 0.498148 0.047917 0.051852
6 0.540625 0.733333 0.038194 0.072222
2 0.560069 0.530556 0.104861 0.118519
7 0.550000 0.434259 0.086111 0.122222
8 0.517708 0.610648 0.129861 0.175000
