3 0.284028 0.180093 0.041667 0.073148
3 0.337500 0.336574 0.026389 0.062037
4 0.296181 0.224074 0.043750 0.075926
8 0.390972 0.222685 0.123611 0.147222
2 0.407639 0.309259 0.113889 0.090741
7 0.490625 0.363889 0.103472 0.137037
0 0.518403 0.451389 0.078472 0.099074
1 0.433681 0.378704 0.045139 0.066667
1 0.401736 0.418981 0.057639 0.065741
9 0.585764 0.512963 0.034028 0.070370
6 0.321181 0.187963 0.032639 0.042593
6 0.444097 0.469907 0.063194 0.073148
6 0.387500 0.396296 0.050000 0.050000
6 0.561806 0.467130 0.044444 0.050926
