0 0.498611 0.693981 0.079167 0.069444
1 0.419444 0.577315 0.058333 0.052778
1 0.466319 0.570833 0.035417 0.075000
9 0.522917 0.791667 0.025000 0.051852
5 0.609028 0.317130 0.018056 0.056481
8 0.537153 0.363426 0.121528 0.180556
6 0.508333 0.246759 0.027778 0.056481
6 0.429167 0.532407 0.052778 0.048148
6 0.430903 0.646759 0.059028 0.084259
6 0.522569 0.743981 0.043750 0.037963
3 0.479514 0.200463 0.039583 0.054630
4 0.465972 0.256481 0.038889 0.050000
3 0.430208 0.422685 0.027083 0.032407
2 0.499306 0.474074 0.118056 0.124074
7 0.518750 0.602315 0.091667 0.149074
