3 0.872569 0.706944 0.082639 0.091667
3 0.686458 0.525926 0.065972 0.074074
4 0.824306 0.659722 0.072222 0.093519
5 0.707639 0.878241 0.069444 0.086111
9 0.313194 0.510648 0.070833 0.075000
1 0.544097 0.506481 0.092361 0.116667
1 0.557639 0.430556 0.080556 0.124074
6 0.487153 0.418519 0.114583 0.144444
6 0.593750 0.468056 0.080556 0.117593
6 0.823958 0.737037 0.093750 0.092593
6 0.354861 0.527315 0.073611 0.093519
0 0.419444 0.514815 0.116667 0.177778
7 0.487847 0.582870 0.170139 0.241667
2 0.609375 0.609259 0.164583 0.240741
8 0.714583 0.731944 0.187500 0.295370
