9 0.682292 0.299537 0.029861 0.023148
6 0.659375 0.308796 0.022917 0.049074
6 0.650347 0.406019 0.060417 0.052778
6 0.579861 0.433796 0.030556 0.049074
6 0.344097 0.457407 0.046528 0.024074
3 0.325694 0.512037 0.045833 0.092593
3 0.507986 0.487963 0.027083 0.064815
4 0.374653 0.506944 0.045139 0.087963
8 0.419444 0.396296 0.122222 0.140741
5 0.343403 0.361574 0.034028 0.028704
2 0.507986 0.390278 0.072917 0.143519
1 0.587500 0.376389 0.052778 0.032407
1 0.615278 0.417593 0.036111 0.061111
7 0.578819 0.329630 0.100694 0.066667
0 0.641667 0.325000 0.045833 0.070370
