3 0.298611 0.722222 0.045833 0.059259
3 0.486458 0.664815 0.025694 0.037037
4 0.345833 0.709722 0.043056 0.058333
6 0.313542 0.662963 0.046528 0.037037
6 0.561458 0.607870 0.036806 0.073148
6 0.636111 0.547685 0.072222 0.087963
6 0.654167 0.391204 0.030556 0.060185
5 0.310417 0.497685 0.050000 0.025000
8 0.383681 0.565278 0.143750 0.178704
2 0.484028 0.552315 0.083333 0.162037
7 0.562153 0.458333 0.115972 0.116667
0 0.636111 0.441204 0.052778 0.100926
1 0.571528 0.540278 0.058333 0.050926
1 0.598611 0.596296 0.043056 0.079630
9 0.682292 0.369907 0.039583 0.037963
