6 0.452778 0.530556 0.034722 0.072222
6 0.465972 0.405556 0.063889 0.040741
6 0.526389 0.359259 0.019444 0.033333
6 0.740972 0.340278 0.018056 0.030556
9 0.417708 0.545370 0.036806 0.029630
0 0.475000 0.473611 0.047222 0.097222
1 0.504861 0.358796 0.034722 0.043519
1 0.531597 0.393056 0.050694 0.037963
7 0.537847 0.447222 0.097917 0.068519
2 0.603125 0.396296 0.070139 0.118519
3 0.592014 0.329630 0.022917 0.014815
3 0.732986 0.301852 0.035417 0.042593
4 0.697569 0.309722 0.032639 0.037963
8 0.693750 0.387500 0.119444 0.115741
5 0.768403 0.450463 0.029861 0.030556
