3 0.730208 0.413426 0.035417 0.073148
3 0.599306 0.378704 0.026389 0.051852
4 0.694792 0.403704 0.036806 0.061111
8 0.640972 0.450000 0.102778 0.155556
1 0.511806 0.354167 0.031944 0.049074
1 0.515625 0.390278 0.050694 0.039815
0 0.447569 0.433333 0.040972 0.101852
9 0.387847 0.465278 0.034028 0.056481
6 0.416667 0.465278 0.033333 0.067593
6 0.471528 0.374074 0.051389 0.051852
6 0.536806 0.366204 0.033333 0.050926
6 0.715278 0.441667 0.051389 0.046296
5 0.681250 0.542593 0.054167 0.044444
2 0.576736 0.421296 0.060417 0.131481
7 0.500694 0.451852 0.097222 0.107407
