0 0.454167 0.554167 0.061111 0.128704
1 0.497569 0.378241 0.046528 0.099074
1 0.530903 0.437500 0.072917 0.062037
9 0.388542 0.652315 0.047917 0.041667
5 0.812153 0.500000 0.046528 0.024074
8 0.740625 0.412500 0.161806 0.191667
6 0.805208 0.312500 0.046528 0.034259
6 0.535417 0.369444 0.037500 0.077778
6 0.450347 0.435185 0.079861 0.090741
6 0.423264 0.620833 0.034028 0.067593
3 0.825000 0.247222 0.043056 0.059259
4 0.774306 0.261111 0.047222 0.057407
3 0.624306 0.302778 0.030556 0.037037
2 0.625347 0.435185 0.102083 0.190741
7 0.536111 0.533333 0.136111 0.146296
