8 0.409375 0.271759 0.131250 0.125000
7 0.552431 0.366667 0.111806 0.103704
2 0.454514 0.339352 0.114583 0.108333
6 0.643056 0.436111 0.036111 0.057407
3 0.287153 0.272222 0.043750 0.083333
6 0.460069 0.412037 0.043750 0.044444
1 0.503819 0.387500 0.054861 0.060185
0 0.601042 0.415278 0.065972 0.069444
6 0.538194 0.468056 0.069444 0.063889
1 0.482986 0.426852 0.053472 0.062963
4 0.310764 0.300463 0.040972 0.075000
6 0.325347 0.269444 0.038194 0.048148
9 0.676389 0.452778 0.040278 0.037037
3 0.388542 0.391667 0.027083 0.075926
