6 0.604514 0.568981 0.067361 0.080556
6 0.655903 0.464352 0.027083 0.062037
6 0.522222 0.571296 0.034722 0.070370
6 0.301736 0.501852 0.047917 0.038889
0 0.625000 0.478704 0.038889 0.090741
9 0.686458 0.468056 0.038194 0.049074
3 0.270833 0.545370 0.052778 0.088889
3 0.440278 0.592593 0.027778 0.062963
4 0.313194 0.556481 0.048611 0.081481
7 0.560417 0.461111 0.100000 0.105556
8 0.386111 0.462500 0.125000 0.154630
5 0.335764 0.393056 0.027083 0.017593
2 0.470833 0.502778 0.083333 0.170370
1 0.547222 0.516204 0.055556 0.041667
1 0.554861 0.572222 0.034722 0.075926
