0 0.556250 0.434259 0.056944 0.064815
1 0.555903 0.528241 0.036806 0.056481
1 0.588542 0.540278 0.042361 0.050926
2 0.513194 0.587037 0.094444 0.124074
3 0.551736 0.645370 0.024306 0.029630
3 0.471875 0.792130 0.035417 0.050926
9 0.553819 0.359259 0.028472 0.038889
7 0.520833 0.487500 0.087500 0.121296
6 0.546875 0.390741 0.032639 0.038889
6 0.591667 0.488426 0.051389 0.069444
6 0.571875 0.567593 0.038194 0.048148
6 0.456597 0.750463 0.031250 0.047222
8 0.461111 0.651852 0.111111 0.148148
5 0.391667 0.661574 0.027778 0.041667
4 0.490972 0.749537 0.034722 0.056481
