5 0.482292 0.164815 0.017361 0.038889
3 0.348611 0.146296 0.038889 0.066667
3 0.365278 0.305556 0.027778 0.061111
4 0.355208 0.184722 0.039583 0.065741
2 0.438194 0.300000 0.126389 0.087037
8 0.435764 0.206019 0.111806 0.130556
7 0.500000 0.373148 0.090278 0.120370
1 0.439931 0.367130 0.035417 0.069444
1 0.402431 0.396759 0.059028 0.045370
0 0.515278 0.453241 0.084722 0.062037
9 0.564583 0.540741 0.040278 0.061111
6 0.548611 0.492593 0.047222 0.046296
6 0.434028 0.466667 0.063889 0.085185
6 0.380556 0.168056 0.027778 0.052778
6 0.396181 0.368056 0.056250 0.039815
