3 0.703472 0.608333 0.062500 0.107407
8 0.562500 0.534722 0.162500 0.200926
7 0.463194 0.375926 0.105556 0.118519
2 0.535069 0.438426 0.138194 0.110185
4 0.679514 0.556481 0.049306 0.088889
6 0.558681 0.373148 0.053472 0.053704
1 0.514931 0.351389 0.046528 0.062037
5 0.526389 0.648148 0.036111 0.072222
6 0.396181 0.316667 0.039583 0.048148
6 0.504167 0.318056 0.055556 0.045370
6 0.654514 0.609722 0.043750 0.086111
9 0.378472 0.308796 0.025000 0.054630
3 0.611806 0.443981 0.029167 0.073148
1 0.545139 0.336111 0.052778 0.051852
0 0.438194 0.314815 0.072222 0.050000
