9 0.503819 0.590741 0.038194 0.024074
6 0.527083 0.557870 0.038889 0.049074
6 0.505556 0.445370 0.059722 0.042593
6 0.552431 0.381481 0.024306 0.027778
6 0.729514 0.316667 0.015972 0.022222
3 0.714931 0.275926 0.034028 0.029630
4 0.687847 0.301389 0.034028 0.043519
3 0.601042 0.339815 0.017361 0.022222
8 0.702431 0.370833 0.129861 0.100926
5 0.782986 0.412500 0.025694 0.026852
1 0.531597 0.386574 0.043750 0.045370
1 0.566319 0.412037 0.039583 0.042593
0 0.537847 0.497222 0.054861 0.075926
7 0.596181 0.463426 0.099306 0.075000
2 0.635069 0.400000 0.088194 0.107407
