2 0.595139 0.408333 0.100000 0.138889
8 0.677778 0.472222 0.144444 0.177778
4 0.752431 0.415278 0.047917 0.062037
6 0.394792 0.408796 0.038194 0.075000
7 0.496181 0.405093 0.120139 0.113889
9 0.358681 0.412500 0.043750 0.063889
6 0.478819 0.337037 0.067361 0.059259
0 0.436111 0.394907 0.058333 0.126852
3 0.796528 0.444907 0.054167 0.093519
1 0.530556 0.318519 0.040278 0.051852
1 0.529514 0.351389 0.052083 0.041667
5 0.715972 0.575463 0.051389 0.052778
3 0.635069 0.364815 0.025694 0.042593
6 0.767361 0.473148 0.043056 0.066667
6 0.562500 0.345370 0.029167 0.051852
