9 0.803472 0.367593 0.047222 0.031481
6 0.759028 0.370833 0.036111 0.082407
6 0.676042 0.478241 0.093750 0.086111
6 0.552083 0.465741 0.041667 0.075926
6 0.242708 0.343981 0.057639 0.030556
3 0.187153 0.396296 0.063194 0.135185
3 0.425347 0.487037 0.038194 0.103704
4 0.247222 0.418981 0.068056 0.125000
8 0.368056 0.315278 0.183333 0.200926
2 0.481250 0.368056 0.120833 0.200926
1 0.591667 0.393056 0.080556 0.056481
1 0.602083 0.463426 0.050000 0.091667
7 0.620833 0.333796 0.138889 0.121296
0 0.717014 0.367593 0.050694 0.105556
