6 0.627778 0.475000 0.040278 0.031481
6 0.526389 0.432407 0.050000 0.040741
6 0.505208 0.352778 0.035417 0.011111
6 0.532986 0.226389 0.017361 0.023148
3 0.507639 0.197222 0.031944 0.024074
4 0.506597 0.234722 0.029861 0.047222
3 0.494792 0.317130 0.020139 0.045370
2 0.558681 0.315278 0.095139 0.052778
8 0.569792 0.255093 0.086806 0.075000
1 0.545833 0.369444 0.022222 0.061111
1 0.506250 0.379630 0.045833 0.040741
0 0.596875 0.438426 0.065972 0.045370
7 0.598958 0.378704 0.064583 0.077778
5 0.622917 0.255556 0.006944 0.018519
