3 0.747569 0.544907 0.065972 0.112037
3 0.631250 0.360648 0.034722 0.067593
4 0.717708 0.490278 0.060417 0.091667
1 0.548611 0.241667 0.055556 0.048148
1 0.519444 0.270833 0.047222 0.063889
6 0.567014 0.290741 0.053472 0.062963
6 0.499306 0.237963 0.055556 0.053704
6 0.379861 0.243056 0.045833 0.058333
6 0.694444 0.543519 0.050000 0.087037
8 0.588542 0.477315 0.181250 0.212037
5 0.560764 0.609259 0.043750 0.075926
2 0.544792 0.363889 0.150694 0.112963
7 0.459375 0.304630 0.113194 0.131481
0 0.428125 0.237500 0.081250 0.063889
9 0.357639 0.236574 0.030556 0.058333
