9 0.401736 0.437963 0.038194 0.059259
6 0.437500 0.430093 0.033333 0.067593
6 0.504514 0.340741 0.063194 0.057407
6 0.582639 0.336574 0.033333 0.043519
6 0.786111 0.442130 0.041667 0.063889
5 0.754514 0.545370 0.047917 0.046296
4 0.767361 0.384259 0.047222 0.059259
3 0.808333 0.403241 0.047222 0.078704
3 0.653472 0.346759 0.025000 0.037963
8 0.708681 0.453241 0.125694 0.173148
2 0.626389 0.404167 0.079167 0.136111
1 0.553472 0.317593 0.036111 0.044444
1 0.557986 0.355556 0.052083 0.038889
7 0.536458 0.421759 0.111806 0.123148
0 0.473611 0.410185 0.043056 0.124074
