0 0.692708 0.525926 0.049306 0.100000
1 0.604861 0.568519 0.061111 0.050000
1 0.610069 0.629630 0.038194 0.072222
3 0.322917 0.555556 0.040278 0.055556
3 0.494792 0.618519 0.024306 0.033333
4 0.368403 0.570833 0.042361 0.052778
6 0.355556 0.514815 0.043056 0.040741
6 0.575000 0.617593 0.030556 0.070370
6 0.659028 0.612037 0.059722 0.074074
6 0.728472 0.494907 0.029167 0.054630
9 0.759722 0.491667 0.036111 0.031481
7 0.627778 0.495833 0.112500 0.121296
2 0.530556 0.525463 0.094444 0.160185
8 0.447222 0.472222 0.130556 0.161111
5 0.406597 0.376389 0.045139 0.026852
