0 0.579861 0.600926 0.075000 0.101852
1 0.484722 0.581481 0.059722 0.072222
1 0.465972 0.641204 0.056944 0.076852
5 0.370833 0.281481 0.029167 0.040741
8 0.371875 0.393981 0.154861 0.200926
6 0.275694 0.375000 0.041667 0.050000
6 0.439583 0.608796 0.047222 0.071296
6 0.518750 0.660185 0.066667 0.090741
6 0.625000 0.594444 0.037500 0.059259
9 0.657986 0.613426 0.038194 0.050926
7 0.530556 0.531481 0.119444 0.151852
2 0.429861 0.496296 0.125000 0.162963
3 0.362847 0.557407 0.027083 0.037037
3 0.228819 0.388889 0.042361 0.055556
4 0.261458 0.431019 0.042361 0.054630
