0 0.652083 0.539815 0.036111 0.085185
1 0.586458 0.607407 0.050694 0.035185
1 0.603472 0.658333 0.029167 0.066667
2 0.515972 0.593056 0.068056 0.145370
3 0.346528 0.693519 0.043056 0.059259
3 0.500694 0.687500 0.029167 0.039815
9 0.702083 0.487037 0.034722 0.022222
7 0.592361 0.538426 0.088889 0.086111
6 0.673958 0.500000 0.024306 0.050000
6 0.641667 0.626852 0.059722 0.072222
6 0.571528 0.660185 0.025000 0.064815
6 0.364236 0.647685 0.039583 0.028704
8 0.434375 0.582870 0.107639 0.147222
4 0.386458 0.688426 0.040972 0.062037
5 0.379514 0.509722 0.045139 0.021296
