0 0.563889 0.671296 0.091667 0.077778
1 0.481250 0.575000 0.045833 0.087037
1 0.437153 0.614352 0.065972 0.058333
5 0.513889 0.214352 0.020833 0.054630
8 0.462500 0.312963 0.143056 0.205556
6 0.384028 0.222222 0.034722 0.061111
6 0.428819 0.563426 0.061806 0.050926
6 0.476736 0.674537 0.070139 0.102778
6 0.610069 0.705093 0.049306 0.045370
9 0.630556 0.750000 0.029167 0.057407
2 0.472222 0.455093 0.130556 0.119444
3 0.337500 0.195833 0.048611 0.060185
3 0.381597 0.457407 0.029861 0.038889
4 0.346181 0.262500 0.043750 0.060185
7 0.550347 0.564815 0.109028 0.166667
