6 0.603819 0.521296 0.040972 0.038889
6 0.528472 0.439815 0.051389 0.048148
6 0.634722 0.252315 0.016667 0.012037
6 0.540278 0.364352 0.033333 0.019444
3 0.614931 0.225463 0.029861 0.028704
3 0.554861 0.328704 0.020833 0.044444
4 0.600000 0.259259 0.029167 0.044444
8 0.652083 0.292593 0.106944 0.057407
2 0.610417 0.342593 0.093056 0.066667
7 0.617708 0.412963 0.089583 0.064815
1 0.529861 0.384722 0.047222 0.049074
1 0.571528 0.389815 0.040278 0.050000
0 0.586458 0.468519 0.060417 0.066667
5 0.709028 0.316667 0.013889 0.031481
