6 0.305208 0.288889 0.035417 0.051852
6 0.444444 0.533796 0.051389 0.063889
6 0.517361 0.601389 0.066667 0.087963
6 0.626389 0.552315 0.044444 0.050926
9 0.657639 0.579167 0.043056 0.050926
0 0.582639 0.543519 0.079167 0.094444
1 0.488889 0.517593 0.055556 0.074074
1 0.464931 0.570833 0.054861 0.069444
7 0.539583 0.471296 0.115278 0.151852
2 0.442361 0.428241 0.123611 0.156481
3 0.373264 0.477315 0.029861 0.034259
3 0.257639 0.294444 0.041667 0.051852
4 0.286111 0.338426 0.041667 0.050926
8 0.393056 0.321296 0.150000 0.200000
5 0.404861 0.213426 0.027778 0.043519
