3 0.514236 0.772685 0.050694 0.086111
3 0.604167 0.608333 0.031944 0.068519
4 0.538194 0.724074 0.043056 0.077778
5 0.414931 0.632870 0.034028 0.056481
9 0.590278 0.322222 0.027778 0.040741
1 0.601736 0.465741 0.039583 0.072222
1 0.643056 0.478241 0.054167 0.067593
0 0.596181 0.378704 0.070139 0.070370
7 0.561458 0.431019 0.099306 0.128704
2 0.557986 0.532407 0.111806 0.138889
8 0.495833 0.602315 0.138889 0.184259
6 0.585417 0.345370 0.048611 0.040741
6 0.642708 0.435648 0.057639 0.073148
6 0.624653 0.520833 0.050694 0.071296
6 0.491319 0.727778 0.045139 0.077778
