3 0.846528 0.656944 0.070833 0.089815
3 0.695139 0.446296 0.066667 0.055556
4 0.803472 0.594444 0.081944 0.096296
1 0.558333 0.398611 0.083333 0.097222
1 0.581944 0.322685 0.076389 0.095370
6 0.611458 0.369444 0.064583 0.087037
6 0.513889 0.306019 0.108333 0.126852
6 0.385417 0.375926 0.056944 0.083333
6 0.797917 0.676852 0.066667 0.090741
7 0.495139 0.453704 0.161111 0.205556
9 0.342708 0.350000 0.070139 0.072222
5 0.669792 0.781019 0.067361 0.082407
2 0.608681 0.503704 0.163194 0.211111
0 0.438194 0.375463 0.113889 0.143519
8 0.688889 0.634722 0.180556 0.256481
