6 0.556250 0.212037 0.029167 0.016667
6 0.629514 0.280556 0.047917 0.038889
6 0.625694 0.353241 0.045833 0.049074
6 0.524653 0.571759 0.029861 0.078704
3 0.556944 0.603704 0.043056 0.094444
3 0.621528 0.440278 0.026389 0.069444
4 0.572917 0.550926 0.037500 0.072222
5 0.427431 0.499537 0.028472 0.041667
8 0.509028 0.444907 0.122222 0.154630
2 0.555208 0.376852 0.107639 0.112963
1 0.596181 0.305093 0.031250 0.052778
1 0.639583 0.309259 0.048611 0.042593
7 0.548264 0.285648 0.075694 0.091667
0 0.576042 0.235185 0.064583 0.040741
