3 0.682986 0.237037 0.034028 0.061111
3 0.569792 0.303241 0.022917 0.047222
4 0.654861 0.256019 0.041667 0.067593
1 0.499653 0.342130 0.039583 0.049074
1 0.528819 0.369444 0.049306 0.050000
8 0.461111 0.542130 0.043056 0.054630
5 0.722222 0.370370 0.036111 0.038889
8 0.661458 0.335648 0.122917 0.156481
7 0.549306 0.437037 0.116667 0.129630
0 0.494097 0.462037 0.064583 0.098148
6 0.476736 0.396759 0.068750 0.069444
6 0.523611 0.335185 0.041667 0.050000
6 0.690972 0.271296 0.044444 0.042593
6 0.482639 0.508796 0.044444 0.058333
2 0.590972 0.362037 0.090278 0.133333
