8 0.635417 0.467130 0.154167 0.195370
2 0.562847 0.393981 0.121528 0.141667
0 0.412153 0.348148 0.065972 0.114815
7 0.465625 0.374074 0.118750 0.124074
4 0.723264 0.425926 0.049306 0.074074
3 0.766319 0.460648 0.057639 0.099074
6 0.464931 0.307407 0.061806 0.062963
6 0.369097 0.361111 0.038194 0.072222
1 0.514583 0.296759 0.047222 0.056481
1 0.504861 0.329167 0.052778 0.054630
5 0.654514 0.577315 0.050694 0.060185
6 0.729167 0.486574 0.043056 0.071296
6 0.542708 0.331944 0.035417 0.063889
3 0.613889 0.358333 0.027778 0.046296
9 0.336111 0.358796 0.034722 0.063889
