6 0.532292 0.379630 0.053472 0.055556
6 0.446875 0.343519 0.042361 0.033333
6 0.554514 0.449074 0.045139 0.040741
6 0.555903 0.697222 0.027083 0.079630
7 0.474653 0.422222 0.078472 0.109259
0 0.476736 0.359259 0.064583 0.037037
1 0.523611 0.427778 0.033333 0.072222
1 0.555556 0.409722 0.048611 0.036111
1 0.507292 0.506944 0.132639 0.080556
3 0.580903 0.530556 0.027083 0.064815
3 0.595486 0.716667 0.056250 0.074074
4 0.585069 0.661111 0.045139 0.062963
8 0.505903 0.604630 0.124306 0.155556
5 0.446875 0.693981 0.020139 0.069444
9 0.441667 0.318981 0.023611 0.043519
