6 0.335417 0.241204 0.036111 0.054630
6 0.444097 0.503704 0.053472 0.057407
6 0.509722 0.581019 0.069444 0.091667
6 0.622569 0.556481 0.045139 0.048148
9 0.651389 0.588426 0.038889 0.052778
0 0.581944 0.542130 0.076389 0.089815
1 0.490278 0.490278 0.051389 0.075000
1 0.464236 0.542130 0.056250 0.065741
7 0.546528 0.461111 0.112500 0.151852
2 0.457639 0.401852 0.126389 0.144444
3 0.292361 0.232870 0.041667 0.054630
3 0.383333 0.434722 0.022222 0.036111
4 0.313194 0.282870 0.040278 0.049074
8 0.420486 0.284722 0.139583 0.200926
5 0.442014 0.183333 0.022917 0.044444
