3 0.515625 0.912963 0.052083 0.081481
3 0.620139 0.689815 0.041667 0.055556
4 0.544444 0.847222 0.055556 0.088889
5 0.397917 0.737500 0.045833 0.069444
9 0.609028 0.284259 0.041667 0.055556
2 0.568056 0.611111 0.134722 0.161111
1 0.670139 0.535648 0.063889 0.078704
1 0.621181 0.518519 0.049306 0.081481
7 0.570486 0.467130 0.128472 0.173148
6 0.598264 0.330093 0.050694 0.054630
6 0.670833 0.463426 0.068056 0.106481
6 0.650000 0.579630 0.073611 0.068519
6 0.489931 0.848611 0.053472 0.075000
8 0.493750 0.704630 0.158333 0.211111
0 0.614236 0.389352 0.092361 0.089815
