3 0.722917 0.447222 0.037500 0.083333
3 0.593403 0.381481 0.025694 0.051852
4 0.687500 0.419444 0.045833 0.055556
6 0.695139 0.460648 0.051389 0.043519
6 0.533333 0.357407 0.030556 0.050000
6 0.469097 0.352315 0.057639 0.056481
6 0.398611 0.424537 0.031944 0.060185
9 0.370139 0.425000 0.038889 0.046296
5 0.651736 0.564352 0.040972 0.049074
8 0.624653 0.458333 0.110417 0.161111
2 0.564236 0.421296 0.079861 0.138889
7 0.482986 0.421759 0.103472 0.106481
0 0.429167 0.406481 0.044444 0.109259
1 0.507292 0.336111 0.034028 0.051852
1 0.506944 0.375000 0.047222 0.050000
