0 0.374306 0.594444 0.080556 0.131481
1 0.381597 0.397222 0.063194 0.098148
1 0.426736 0.444907 0.072917 0.086111
9 0.333333 0.712963 0.054167 0.055556
5 0.722569 0.398611 0.049306 0.039815
8 0.631944 0.345370 0.179167 0.233333
6 0.677778 0.212500 0.047222 0.052778
6 0.420833 0.375000 0.054167 0.085185
6 0.348611 0.476852 0.087500 0.103704
6 0.360417 0.672222 0.044444 0.070370
3 0.680208 0.138889 0.047917 0.066667
4 0.631944 0.173148 0.048611 0.062963
2 0.523264 0.397685 0.125694 0.191667
7 0.452083 0.541667 0.148611 0.177778
3 0.492708 0.271759 0.032639 0.037963
