3 0.846875 0.781481 0.067361 0.092593
3 0.744444 0.545833 0.052778 0.047222
4 0.816667 0.716667 0.070833 0.081481
1 0.634028 0.456481 0.065278 0.100000
1 0.668056 0.407870 0.073611 0.080556
9 0.450347 0.349537 0.039583 0.069444
8 0.699306 0.714815 0.183333 0.231481
5 0.665278 0.842593 0.059722 0.075926
6 0.475000 0.390278 0.073611 0.063889
6 0.609722 0.367593 0.080556 0.122222
6 0.804861 0.793056 0.058333 0.100926
6 0.683681 0.454630 0.079861 0.079630
7 0.567361 0.498611 0.151389 0.184259
2 0.653125 0.572685 0.164583 0.184259
0 0.531944 0.400000 0.108333 0.111111
