6 0.506944 0.453241 0.045833 0.049074
6 0.592014 0.493981 0.034028 0.034259
6 0.489583 0.387963 0.030556 0.011111
1 0.489931 0.409722 0.039583 0.030556
1 0.523611 0.400463 0.020833 0.047222
7 0.568056 0.407407 0.055556 0.068519
2 0.535417 0.353704 0.087500 0.042593
0 0.564236 0.475463 0.054861 0.062037
3 0.479514 0.356019 0.017361 0.043519
8 0.542014 0.307870 0.075694 0.087963
5 0.589931 0.295370 0.009028 0.022222
4 0.487500 0.278704 0.023611 0.040741
3 0.490625 0.245370 0.025694 0.025926
6 0.512153 0.273148 0.021528 0.031481
