9 0.353125 0.481944 0.035417 0.047222
6 0.393056 0.460648 0.025000 0.041667
6 0.458333 0.377778 0.056944 0.033333
6 0.532986 0.362963 0.009028 0.027778
6 0.754514 0.456481 0.032639 0.051852
3 0.775000 0.405556 0.034722 0.051852
3 0.613889 0.364352 0.022222 0.021296
4 0.734028 0.395370 0.034722 0.048148
8 0.681944 0.462037 0.106944 0.137037
5 0.736806 0.559722 0.044444 0.039815
1 0.508681 0.348611 0.020139 0.041667
1 0.516667 0.384722 0.045833 0.030556
7 0.501389 0.444907 0.094444 0.086111
0 0.430903 0.451852 0.028472 0.127778
2 0.593056 0.429167 0.055556 0.119444
