8 0.555556 0.523148 0.163889 0.196296
7 0.464583 0.364352 0.100000 0.119444
3 0.696181 0.605556 0.065972 0.109259
1 0.517014 0.340278 0.043750 0.063889
4 0.675000 0.552315 0.048611 0.087963
2 0.536458 0.427315 0.136806 0.100926
1 0.548611 0.323148 0.055556 0.050000
5 0.515278 0.636574 0.036111 0.078704
6 0.401389 0.301389 0.038889 0.043519
6 0.507986 0.307407 0.052083 0.046296
6 0.558681 0.364352 0.047917 0.050926
6 0.647569 0.604630 0.040972 0.085185
9 0.384375 0.293519 0.025694 0.051852
3 0.611458 0.437037 0.028472 0.072222
0 0.442361 0.302315 0.070833 0.049074
