8 0.537153 0.528704 0.136806 0.170370
3 0.610764 0.687963 0.057639 0.109259
2 0.573958 0.453241 0.117361 0.110185
7 0.548264 0.366667 0.081250 0.103704
6 0.571528 0.650000 0.036111 0.081481
3 0.644097 0.509259 0.029861 0.070370
6 0.635417 0.424537 0.050000 0.049074
0 0.570486 0.314815 0.064583 0.042593
5 0.453472 0.593519 0.026389 0.051852
1 0.642708 0.379630 0.050694 0.044444
1 0.602083 0.381481 0.030556 0.062963
6 0.540278 0.297222 0.030556 0.033333
6 0.625000 0.349537 0.052778 0.037963
9 0.542361 0.276389 0.018056 0.021296
4 0.621528 0.620833 0.050000 0.069444
