0 0.449306 0.431481 0.091667 0.098148
1 0.580903 0.449537 0.071528 0.076852
1 0.547222 0.503241 0.055556 0.093519
7 0.481250 0.529167 0.123611 0.184259
9 0.367014 0.376389 0.035417 0.065741
2 0.573264 0.622685 0.150694 0.156481
3 0.659028 0.591667 0.043056 0.042593
3 0.751389 0.842130 0.059722 0.069444
4 0.729861 0.774537 0.056944 0.075000
5 0.568750 0.886111 0.026389 0.072222
8 0.609375 0.768056 0.167361 0.230556
6 0.394097 0.414352 0.050694 0.058333
6 0.531250 0.404630 0.075000 0.112963
6 0.595486 0.497222 0.061806 0.066667
6 0.701042 0.835648 0.042361 0.065741
