2 0.534375 0.458796 0.088194 0.154630
3 0.336111 0.588889 0.054167 0.107407
8 0.434375 0.460648 0.136806 0.150926
4 0.389931 0.578704 0.050694 0.096296
7 0.605903 0.396759 0.106250 0.075000
6 0.612500 0.506944 0.034722 0.056481
1 0.649653 0.491204 0.043750 0.065741
0 0.671875 0.393056 0.050694 0.073148
3 0.534722 0.564352 0.033333 0.075000
6 0.683681 0.478241 0.063194 0.060185
1 0.618056 0.453241 0.063889 0.054630
6 0.688542 0.378704 0.027083 0.051852
6 0.353125 0.532407 0.053472 0.037037
5 0.353819 0.427778 0.035417 0.027778
9 0.711458 0.377778 0.031250 0.040741
