3 0.900347 0.428241 0.063194 0.089815
4 0.829514 0.427778 0.068750 0.088889
3 0.628819 0.423148 0.047917 0.079630
2 0.590278 0.613889 0.116667 0.333333
8 0.751042 0.603241 0.177083 0.249074
6 0.500000 0.456019 0.040278 0.108333
1 0.445486 0.450926 0.049306 0.124074
6 0.368056 0.514352 0.105556 0.119444
0 0.342014 0.688889 0.057639 0.192593
7 0.454167 0.679630 0.166667 0.116667
6 0.858333 0.507870 0.056944 0.049074
5 0.832292 0.743056 0.049306 0.030556
6 0.291667 0.743056 0.038889 0.093519
9 0.239931 0.763889 0.064583 0.044444
