0 0.473958 0.675926 0.070139 0.059259
1 0.401389 0.571296 0.052778 0.046296
1 0.444792 0.566204 0.032639 0.069444
9 0.498264 0.761111 0.025694 0.044444
5 0.570486 0.331944 0.015972 0.047222
8 0.504861 0.375926 0.108333 0.155556
6 0.477778 0.274537 0.025000 0.047222
6 0.409375 0.532407 0.046528 0.040741
6 0.414236 0.635648 0.052083 0.075000
6 0.496181 0.718981 0.036806 0.036111
3 0.450694 0.233333 0.037500 0.046296
4 0.440278 0.283333 0.034722 0.046296
3 0.409375 0.433796 0.022917 0.028704
2 0.469792 0.478704 0.107639 0.111111
7 0.492014 0.594907 0.081250 0.130556
