3 0.500694 0.212500 0.033333 0.069444
3 0.483681 0.369444 0.020139 0.066667
4 0.496875 0.246759 0.035417 0.063889
2 0.550347 0.373611 0.118750 0.086111
8 0.541667 0.289352 0.133333 0.130556
5 0.618403 0.260648 0.020139 0.036111
1 0.532292 0.444907 0.039583 0.071296
1 0.490972 0.456481 0.059722 0.046296
6 0.507292 0.523611 0.060417 0.093519
6 0.601389 0.583333 0.055556 0.040741
6 0.489236 0.426852 0.057639 0.035185
6 0.528819 0.224537 0.028472 0.039815
7 0.582986 0.458796 0.082639 0.106481
2 0.572222 0.536574 0.080556 0.041667
9 0.609722 0.626389 0.029167 0.049074
