9 0.661458 0.350463 0.029861 0.021296
6 0.636458 0.352315 0.020139 0.047222
6 0.591319 0.419907 0.053472 0.047222
6 0.525694 0.417130 0.022222 0.039815
6 0.340972 0.361111 0.030556 0.020370
3 0.312500 0.394444 0.036111 0.075926
3 0.455208 0.436111 0.021528 0.061111
4 0.350000 0.404630 0.036111 0.070370
8 0.412153 0.340278 0.099306 0.126852
2 0.480556 0.359259 0.070833 0.111111
7 0.557986 0.338426 0.079861 0.067593
1 0.544444 0.374074 0.043056 0.031481
1 0.553125 0.414352 0.024306 0.052778
0 0.611806 0.355093 0.026389 0.065741
