3 0.552778 0.925926 0.056944 0.085185
3 0.643056 0.692130 0.041667 0.052778
4 0.574653 0.859722 0.057639 0.089815
5 0.420833 0.757407 0.037500 0.057407
9 0.606597 0.287963 0.039583 0.051852
7 0.579167 0.472685 0.122222 0.167593
6 0.598958 0.332407 0.050694 0.051852
6 0.678472 0.457870 0.070833 0.108333
6 0.661458 0.575926 0.063194 0.061111
6 0.525694 0.866204 0.037500 0.073148
8 0.518056 0.728704 0.154167 0.222222
2 0.573611 0.615741 0.143056 0.162963
1 0.634722 0.522222 0.051389 0.087037
1 0.681597 0.530556 0.064583 0.074074
0 0.620486 0.388426 0.090972 0.093519
