2 0.592014 0.384259 0.122917 0.138889
8 0.662500 0.458333 0.155556 0.198148
4 0.752778 0.421296 0.051389 0.074074
7 0.495486 0.358796 0.124306 0.128704
3 0.793750 0.461111 0.059722 0.101852
0 0.444792 0.330556 0.070139 0.114815
3 0.646528 0.347222 0.027778 0.051852
9 0.369444 0.336574 0.038889 0.071296
6 0.497222 0.290741 0.062500 0.059259
6 0.753125 0.483333 0.053472 0.074074
5 0.674653 0.569444 0.049306 0.062963
6 0.398611 0.331944 0.033333 0.056481
6 0.575000 0.319444 0.036111 0.061111
1 0.548264 0.281481 0.043750 0.044444
1 0.536806 0.312037 0.054167 0.044444
