3 0.550000 0.713426 0.062500 0.117593
3 0.657986 0.557407 0.043750 0.081481
4 0.584375 0.665741 0.047917 0.098148
6 0.527778 0.667130 0.048611 0.084259
6 0.681944 0.469444 0.052778 0.066667
6 0.697569 0.399537 0.056250 0.047222
5 0.436806 0.563889 0.040278 0.042593
8 0.531250 0.529167 0.158333 0.182407
2 0.602083 0.483333 0.127778 0.155556
1 0.702083 0.436111 0.056944 0.077778
1 0.656250 0.420833 0.044444 0.078704
7 0.608333 0.386574 0.111111 0.115741
0 0.648611 0.340278 0.069444 0.062037
6 0.631597 0.315278 0.039583 0.030556
6 0.641319 0.300000 0.024306 0.029630
