6 0.288542 0.318056 0.040972 0.050926
6 0.443056 0.555093 0.048611 0.065741
6 0.520486 0.612500 0.065972 0.084259
6 0.627778 0.552778 0.045833 0.053704
9 0.660417 0.575463 0.036111 0.047222
1 0.487153 0.525926 0.057639 0.074074
1 0.465278 0.587037 0.055556 0.074074
0 0.585764 0.552315 0.065972 0.102778
7 0.535069 0.484722 0.120139 0.154630
2 0.437153 0.441204 0.121528 0.158333
3 0.368403 0.500463 0.028472 0.041667
3 0.242361 0.325926 0.041667 0.053704
4 0.273264 0.370833 0.039583 0.052778
8 0.380556 0.337963 0.151389 0.201852
5 0.385764 0.230556 0.025694 0.040741
