0 0.598264 0.575463 0.068750 0.095370
1 0.510764 0.570370 0.054861 0.064815
1 0.498611 0.630093 0.050000 0.078704
3 0.258681 0.432870 0.039583 0.050926
4 0.293056 0.467130 0.041667 0.049074
3 0.398611 0.570833 0.025000 0.034259
5 0.379167 0.312500 0.029167 0.036111
8 0.391319 0.414815 0.142361 0.185185
6 0.298958 0.413889 0.040972 0.046296
2 0.455208 0.504630 0.111806 0.157407
6 0.471875 0.603704 0.039583 0.066667
7 0.549306 0.518519 0.112500 0.140741
6 0.549653 0.638889 0.061806 0.079630
6 0.641319 0.563426 0.034028 0.050926
9 0.671875 0.576852 0.035417 0.042593
