8 0.540625 0.526852 0.139583 0.168519
3 0.637153 0.664352 0.057639 0.106481
7 0.522917 0.363889 0.081944 0.105556
2 0.562500 0.440741 0.116667 0.094444
1 0.576389 0.364815 0.030556 0.055556
6 0.611458 0.402315 0.052083 0.047222
1 0.614583 0.360185 0.050000 0.040741
5 0.466667 0.606944 0.025000 0.067593
6 0.500694 0.293056 0.037500 0.034259
6 0.589931 0.328704 0.050694 0.037037
6 0.593403 0.638889 0.034028 0.085185
9 0.493750 0.274074 0.016667 0.025926
3 0.630556 0.485185 0.038889 0.072222
0 0.529861 0.306019 0.062500 0.039815
4 0.637153 0.592130 0.050694 0.052778
