0 0.628472 0.652778 0.090278 0.094444
1 0.532639 0.587500 0.059722 0.080556
1 0.501042 0.640741 0.064583 0.079630
5 0.494792 0.231019 0.017361 0.047222
8 0.468750 0.343519 0.154167 0.212963
6 0.375347 0.285185 0.038194 0.061111
6 0.479514 0.591667 0.054861 0.062963
6 0.548264 0.683333 0.072917 0.103704
6 0.675000 0.667130 0.045833 0.054630
9 0.705903 0.703704 0.032639 0.055556
7 0.593750 0.556481 0.119444 0.168519
2 0.501389 0.474537 0.134722 0.143519
3 0.416667 0.506944 0.029167 0.037963
3 0.326042 0.272222 0.046528 0.059259
4 0.348958 0.333333 0.049306 0.055556
