9 0.705208 0.293519 0.036806 0.025926
6 0.673611 0.293981 0.026389 0.058333
6 0.619444 0.374537 0.066667 0.054630
6 0.533681 0.366204 0.031250 0.050926
6 0.303125 0.294907 0.045139 0.023148
3 0.265278 0.336574 0.048611 0.097222
3 0.443750 0.392593 0.029167 0.079630
4 0.311111 0.349537 0.047222 0.091667
8 0.392361 0.272222 0.127778 0.148148
2 0.478125 0.300000 0.086806 0.140741
1 0.559722 0.316204 0.055556 0.039815
1 0.569792 0.363426 0.029861 0.060185
7 0.575000 0.273611 0.098611 0.080556
0 0.643056 0.297222 0.036111 0.077778
