8 0.506250 0.501852 0.145833 0.172222
3 0.623264 0.598148 0.057639 0.105556
7 0.454861 0.353241 0.087500 0.113889
3 0.580903 0.434722 0.029861 0.062037
5 0.451389 0.594907 0.025000 0.067593
6 0.544444 0.362963 0.044444 0.046296
6 0.508333 0.303704 0.045833 0.031481
6 0.411806 0.285185 0.034722 0.037037
6 0.578472 0.589352 0.036111 0.080556
9 0.401736 0.268056 0.017361 0.025000
4 0.611458 0.539815 0.050694 0.064815
1 0.539236 0.325463 0.050694 0.039815
1 0.505556 0.340741 0.033333 0.061111
0 0.445833 0.286111 0.066667 0.029630
2 0.503819 0.403241 0.117361 0.056481
