9 0.545139 0.664815 0.036111 0.055556
6 0.556944 0.610185 0.044444 0.042593
6 0.503819 0.480556 0.063194 0.088889
6 0.532639 0.372685 0.051389 0.065741
6 0.679167 0.165278 0.027778 0.045370
0 0.551042 0.556019 0.075694 0.093519
1 0.513194 0.403704 0.052778 0.061111
1 0.557986 0.421296 0.047917 0.068519
7 0.596875 0.481481 0.111806 0.153704
2 0.612847 0.361111 0.111806 0.146296
3 0.561458 0.277315 0.024306 0.030556
3 0.665625 0.114352 0.038194 0.045370
4 0.640972 0.156481 0.041667 0.048148
8 0.678125 0.277778 0.134028 0.179630
5 0.752778 0.279167 0.030556 0.032407
