3 0.571181 0.742593 0.050694 0.085185
3 0.614236 0.557870 0.029861 0.060185
7 0.533681 0.407870 0.082639 0.117593
4 0.581597 0.689815 0.046528 0.070370
5 0.444792 0.649074 0.029861 0.072222
6 0.536458 0.322685 0.039583 0.037963
6 0.610069 0.391204 0.050694 0.071296
6 0.612500 0.472222 0.048611 0.068519
6 0.540625 0.706944 0.038194 0.078704
2 0.554514 0.510648 0.117361 0.126852
8 0.519444 0.587037 0.119444 0.170370
9 0.535069 0.298611 0.021528 0.039815
1 0.583681 0.425000 0.029861 0.062963
1 0.619792 0.430556 0.053472 0.055556
0 0.556944 0.354167 0.066667 0.062037
