6 0.646528 0.485648 0.031944 0.071296
6 0.581250 0.574537 0.068056 0.084259
6 0.500000 0.568056 0.034722 0.071296
6 0.289583 0.464815 0.045833 0.038889
4 0.297569 0.514352 0.050694 0.076852
3 0.254861 0.499074 0.048611 0.085185
3 0.415625 0.574537 0.027083 0.062037
8 0.379167 0.437037 0.130556 0.166667
7 0.551389 0.462037 0.106944 0.114815
1 0.528472 0.516204 0.055556 0.047222
1 0.532292 0.570370 0.038194 0.072222
2 0.456250 0.486111 0.098611 0.166667
9 0.681944 0.498611 0.037500 0.067593
0 0.616319 0.493056 0.040972 0.097222
